0.06094479435046607
0.11674986411577104
0.12012056601759591
0.11665051181048203
0.11266700474283953
0.10996906170242426
0.10636074171402832
0.0981140176553853
0.05972218940120233
0.0777193590456523
0.07804192110326014
0.07338611554296548
0.06912884833845157
0.0668839732204255
0.064692351238396
0.05635496044714505
-0.019197145124471682
-0.021901318004468484
-0.029387641025952815
-0.03683950766833455
-0.041761942028324395
-0.04294036197963025
-0.041518860950764624
-0.04456619930786032
-0.08478580586561968
-0.1091718257964247
-0.12527712560116822
-0.13554531904218514
-0.14102538847269241
-0.1410071332082603
-0.13569777758211177
-0.13028184167680834
-0.14255123137593428
-0.18433463065879385
-0.20835060049099652
-0.22114188633360787
-0.22703660088931765
-0.22593739314044736
-0.21690482426514945
-0.20200508747614854
-0.19070217218222263
-0.24601116825060632
-0.2763830818969575
-0.2911802548024365
-0.2975316726037187
-0.2958090759584422
-0.28318158871206833
-0.2594932502107379
-0.22208436343856697
-0.28437568361167154
-0.3188646650340128
-0.33491851734445666
-0.3415377958549155
-0.3394007709466189
-0.32465264895464196
-0.2948081015648347
-0.22671012051562411
-0.29378714386100024
-0.32992882019873115
-0.346404493378351
-0.3530062027837213
-0.350633526810473
-0.335470794717067
-0.30306447820039306
-0.21907321461871843
-0.2870930272368195
-0.32296580563635824
-0.33924872112663973
-0.3458112902400199
-0.3436102823215377
-0.3291754788416903
-0.29676240470494997
-0.21080185112097594
-0.2767338435001996
-0.3110613892823191
-0.32678903248102653
-0.33331116548255335
-0.3315036941328853
-0.3182298688299223
-0.2873337025869591
-0.20414888967970146
-0.2675392964615364
-0.2994742848075851
-0.3144413528328185
-0.3210409164243573
-0.319895856751526
-0.3077370627197109
-0.2798132451231303
-0.19850687504887699
-0.25798736579129455
-0.2868768754149189
-0.30093408712400005
-0.30750268209239273
-0.30698815463790896
-0.2962603651046467
-0.2729778211704772
-0.1921972877089806
-0.24740935104522066
-0.2728091715960672
-0.285866571467414
-0.2921924979681292
-0.2921473142698816
-0.2829453642687285
-0.26547455533934583
-0.1862280370991869
-0.23517002457646385
-0.2568204101360363
-0.2688373552607053
-0.27502574174998906
-0.27545614726949674
-0.2682254431645361
-0.2568036142720427
-0.18029486919350934
-0.2209813042540767
-0.23879436065823434
-0.24976440178993542
-0.25585869497526725
-0.256750381772348
-0.25149578749208645
-0.24714989882296212
-0.1782450335227399
-0.20022130559936957
-0.2141990548535455
0.03135865223452272
0.03136655954360701
-0.2316267183591727
-0.22794897088038835
-0.23154643943005548
-0.16735301408857306
-0.17546748953991487
-0.18572714710103355
0.043768181655868266
0.043775959331933234
-0.20291063566355194
-0.20020285544227812
-0.2120911118606741
-0.14822845644936722
-0.13868970057884433
-0.14540063772459222
0.06731936809357708
0.06732868401176262
-0.16202980531004663
-0.16054461602454784
-0.18097002389090244
-0.1694794686521186
-0.14883501763752327
-0.1527165503716017
0.11372471365136183
0.11373957210833685
-0.1690402118292933
-0.16901451874513773
-0.20486028447566884
0.1295984121482716
0.33454462690252607
0.5407646847419898
0.5408344160591261
0.5408637662360554
0.5408892593503444
0.3230818567378613
0.2298217306646605
0.062920731145087
0.1168069611093443
0.12011707293117835
0.11664988113323504
0.11266693134985584
0.10997146013799763
0.10636032580801336
0.09811230486400113
0.060326030165159805
0.07803984419054111
0.07338550754531326
0.06912885191857465
0.06688742695698247
0.06469131954350305
0.05635381025211095
-0.019012896615669295
-0.02188056484687917
-0.0293878451274443
-0.03683968852417552
-0.04176185994088688
-0.04294653023335515
-0.041521123700122065
-0.04456812465198734
-0.08474532692451864
-0.10915416166848968
-0.12527638683816766
-0.13554493105283605
-0.14102517239840218
-0.14102148186989205
-0.1357069810460263
-0.13029114289502508
-0.14253212388682956
-0.1843206012685199
-0.2083487454233035
-0.2211424830719655
-0.22703655516151455
-0.22595517352123262
-0.21690932832627974
-0.2020080693188846
-0.1906909431619468
-0.24600086912372432
-0.2763814563694731
-0.2911812641943916
-0.2975287729751046
-0.29580840874826
-0.28317491226931524
-0.25948513225478353
-0.22207664469782173
-0.2843687864395623
-0.31886244896272053
-0.33491813540271087
-0.34154065517047494
-0.3393781488858949
-0.32465127651643755
-0.2948076956611061
-0.22670472340009695
-0.2937817953850699
-0.3299261629865169
-0.3464025269348743
-0.35301408572595205
-0.3506321258812899
-0.33547024468677256
-0.3030641215670744
-0.21906874745499993
-0.28708692189360563
-0.32296307654880896
-0.3392481526791793
-0.3458119120643235
-0.3436096041085204
-0.3291751062648003
-0.29676312242587377
-0.2107993318809238
-0.27672996324388044
-0.3110593278108127
-0.32679013561703596
-0.3333138506651663
-0.33150216066348537
-0.3182304107381182
-0.28733444701911814
-0.2041465918030878
-0.26753573718065904
-0.2994713660344037
-0.3144399780943299
-0.32103906217658396
-0.3198944276798068
-0.30773669286326144
-0.2798135297600439
-0.19850418618853105
-0.2579839964750281
-0.2868742196600691
-0.300932609574428
-0.30749436522503193
-0.30698862015846884
-0.2962608253184065
-0.2729782311022855
-0.19219460246643805
-0.2474080064240587
-0.27280852751102036
-0.28586689635727214
-0.2921871926323023
-0.2921478484122828
-0.2829450238722959
-0.26547303777150444
-0.1862278366776693
-0.23516878493828752
-0.2568200838219603
-0.26883815606248884
-0.2750259119348457
-0.27545602210903875
-0.26822601340860497
-0.25680522345443624
-0.1802909489858031
-0.22097756222263154
-0.23879232191053035
-0.24976406098838355
-0.25585828836719826
-0.2567496157290359
-0.2514971192607651
-0.24715277583232953
-0.17824269747633537
-0.2002188962064917
-0.21419556965020892
0.031358773941327134
0.03136643858625188
-0.23162508546824
-0.22794616234081144
-0.23154467828043357
-0.1673523735917284
-0.17546608091641924
-0.18572560419404516
0.04376749069258379
0.043775498380552724
-0.20291115167109663
-0.20020139380757418
-0.21208829702260545
-0.14822725783869073
-0.13868790935238517
-0.14539966250543856
0.06731987463610811
0.06732908850336683
-0.16202947045905747
-0.16054053126662726
-0.18096603511709675
-0.1694761643492142
-0.14882982875800232
-0.15271247352814354
0.11372444231569812
0.11374011633578207
-0.1690394659447947
-0.16901289879083925
-0.20485623424362398
0.12960297770942408
0.33455032960918496
0.5407643321626341
0.5408349444502352
0.5408632384798009
0.5408896103354027
0.3230843541071381
0.22982530455028738
-0.03276549026558895
-0.0464831805425574
-0.05679094604240609
-0.06465438426981795
-0.07080506362454742
-0.07566012040997294
-0.07949063943667789
-0.08248925377044491
-0.0847619612136945
-0.08634630198298954
-0.08716449590884467
-0.08691134346168328
-0.08496501823174762
-0.08031267872661929
-0.07163039557633089
-0.057254082547114615
-0.035668486597558946
-0.019646167459115293
-0.03469862593370654
-0.04559163057741422
-0.05595000016749685
-0.06410401337566629
-0.07057730945563367
-0.07578191174789728
-0.07996795962054914
-0.08332686456262395
-0.08594873245568446
-0.08786465629553786
-0.0889519750250829
-0.08879719979621581
-0.0865984716070125
-0.08129965942202255
-0.07181723601295698
-0.05703118176164712
-0.035699451242682034
-0.01908497155932265
-0.025457571302337723
-0.048348193532193884
-0.051805413408099854
-0.055034987459883
-0.059079175681089335
-0.0632371792643236
-0.06745804814858203
-0.07158232427299827
-0.07555048411439746
-0.07908359701452294
-0.08224341050869177
-0.08442200547693379
-0.08419210478894756
-0.08190177217674277
-0.07711542195126886
-0.06942253295196843
-0.058700836850530846
-0.0457476544888602
-0.03179240970925745
-0.015834822578447705
-0.02611051930767161
-0.043852639912220326
-0.04993599031118068
-0.05588984803664543
-0.06194950316181336
-0.06816090783966477
-0.07477275252098714
-0.08172257641004421
-0.08774946970858899
-0.09270494950013197
-0.09705089933649425
-0.09931522778498025
-0.09889827744871305
-0.0958002546134964
-0.08937222335173112
-0.07914521507822792
-0.06485997243273012
-0.04756957934068562
-0.02934647743917096
-0.009974776704542165
-0.02101231806838566
-0.03611058996948535
-0.047993785335119554
-0.05862621411974622
-0.06932311993220308
-0.08035944431640463
-0.09058218363408743
-0.0999218808430764
-0.10848301648001146
-0.11574198912757527
-0.12113198598374719
-0.12376091352654517
-0.12322377851769573
-0.11885460450755403
-0.1097326448232272
-0.09517587079874379
-0.07477182472833199
-0.049828007756715254
-0.023687390423644983
0.0016893954689787272
-0.0064589766059224285
-0.022771432086097887
-0.04565595165941638
-0.06448388761777579
-0.08203073733170485
-0.09810590355026183
-0.11262030694214409
-0.1252156026403637
-0.13563755527998134
-0.14416846671435035
-0.15034890119594047
-0.15358165698920434
-0.15301170200906355
-0.14725079328297253
-0.13482146736640188
-0.11470161171689708
-0.08666975801622412
-0.05173374039947887
-0.014464062220344909
0.018752715765742778
0.02194727394697782
-0.0044525195211613244
-0.04586397607621118
-0.07602627302708087
-0.10128965726147454
-0.12262786304422746
-0.140195269777462
-0.15435084794896992
-0.165859090337515
-0.17487490265465921
-0.18155960764457002
-0.18555797508132033
-0.18506091580310513
-0.17800507895034023
-0.1619895492554051
-0.1356354486884639
-0.09869428682102876
-0.05252968440334249
-0.00225379537706627
0.039247099540041464
0.07189477882567996
0.014076646031515594
-0.05326766764320623
-0.09655970750920617
-0.12875529860830848
-0.15260477511146386
-0.17090341004212184
-0.18520394638420878
-0.19623984064103195
-0.204960945102312
-0.21196198316953896
-0.21676457747462585
-0.21699779714698164
-0.20903190843509356
-0.18909760761799554
-0.1558666149945469
-0.10990481468184643
-0.052424164239169846
0.011795600764999747
0.06163892189220077
0.16192896304840443
0.014628162888373764
-0.07791309289767256
-0.1295722270626718
-0.1633250020168897
-0.18614079075104106
-0.20260872271243713
-0.21518731448695672
-0.22482603346659435
-0.2325431471413093
-0.23962264493433727
-0.24570292493262014
-0.24739260073527314
-0.2392058586562038
-0.2150371292412212
-0.17443127904242872
-0.11967377862427275
-0.05156438783389872
0.02647892680228281
0.08412142397904299
0.3178594723410496
-0.042866617196207324
-0.1304961045791171
-0.17522249129900325
-0.2028229071490324
-0.22103113268793595
-0.23324369024818914
-0.24276652519585595
-0.2502970860717417
-0.2570769080570341
-0.2639784367830782
-0.2716381783690238
-0.27565027575008205
-0.2677766776205446
-0.2388762010392893
-0.19043104150485912
-0.12746193735407774
-0.04995169274672917
0.04024119116808844
0.08464136672774558
-0.00935011763623117
-0.009859759360988818
-0.01703389442126446
-0.03395225343763464
-0.08091570021938876
-0.0032650104558074045
-0.0053151774651802874
-0.014642315706899556
-0.03266891497333835
-0.07940691946502065
0.007303293114262588
0.0014003223801316578
-0.011516007262768246
-0.031100515873939028
-0.08014036179675554
0.020279941054709316
0.008241263367150253
-0.00876608667594958
-0.029798365750664857
-0.07941924567482062
0.0339036427032795
0.013887717815514788
-0.006819376089324258
-0.028913966379393807
-0.0789291504906422
0.046599607027998036
0.017743738189302416
-0.005640432185486599
-0.028389475215037985
-0.07864187019352653
0.05732813803296
0.019875588948713774
-0.005045728513828784
-0.02813064872880311
-0.07848680793001228
0.06462417339250426
0.02070441744028506
-0.0048259287620551206
-0.028032490743518768
-0.07841564715731653
-0.02545180537760028
-0.048348535339410637
-0.05182089825942193
-0.055040239948878966
-0.059075774608903675
-0.06324080208720884
-0.06745446706549352
-0.07158379971919882
-0.07554826230599421
-0.07908364712957572
-0.08224521957641295
-0.08442151598920988
-0.08419388821131601
-0.08190198897054302
-0.07711451610041853
-0.06942390638547002
-0.058701065860297774
-0.045748860277156966
-0.03179492534868178
-0.015835174600410395
-0.02610061632271332
-0.04386429904867284
-0.04995049536864804
-0.05588406276639768
-0.06195234438173913
-0.06817119585262943
-0.07476614401868953
-0.08172128124833322
-0.08775330210661414
-0.09270541673498056
-0.09704566866524411
-0.09931555838130857
-0.09890141274588515
-0.09580257229878564
-0.08936771532178556
-0.07914472380465654
-0.06486414895422632
-0.04757148256005661
-0.02935103900985836
-0.009975633269101003
-0.02100527929852669
-0.036124228818767534
-0.047992643327914974
-0.05861272572456877
-0.06933483699751042
-0.0803623373438569
-0.09058133456742645
-0.09991847801304976
-0.10848523550635347
-0.11574543483198507
-0.12113060835548328
-0.1237600821814604
-0.12322343592373941
-0.1188593769573214
-0.10972513880097323
-0.0951738644186646
-0.07477945070917613
-0.049831490853027294
-0.023691509136002598
0.0016891387179615025
-0.006457493653977853
-0.02277092960523497
-0.04565446636901083
-0.06448506537972332
-0.08203315033358116
-0.09810445313091631
-0.11262198141975799
-0.1252109804096302
-0.13563364256222088
-0.14417281405925952
-0.15035583038995592
-0.15357921041938205
-0.1530105385157825
-0.14725579862346194
-0.13481795048598832
-0.11469967105204071
-0.08667385238056124
-0.05173935365065918
-0.014466160038276499
0.018752795736046712
0.021948578900355953
-0.00445202157792024
-0.04586539091255748
-0.0760311029223566
-0.10128948218444878
-0.12262941389834747
-0.14019202382272034
-0.15434557351311784
-0.16586031853376015
-0.17487613030791227
-0.18156274221275437
-0.1855592498176002
-0.1850615358545793
-0.17800706279601575
-0.16198372844922426
-0.1356350108846729
-0.09870075786735266
-0.05253408796291703
-0.0022553062327566042
0.0392474344942394
0.07189567759322668
0.014077936309957462
-0.053267043937310854
-0.09655934855288972
-0.12875700539867818
-0.15260626477347805
-0.1709004196658439
-0.18520062044926155
-0.19624226443274684
-0.20496161643371202
-0.21196262134117294
-0.2167668222531376
-0.21699827842671504
-0.2090319445553699
-0.1890912144602257
-0.15586789536102974
-0.10991242371246868
-0.05242721947330531
0.011794190917005287
0.06163942933735722
0.16193097010471624
0.014630344864110412
-0.07791094865661341
-0.12957098945738288
-0.1633251888562428
-0.18614136027270245
-0.20260769011918844
-0.2151864325952162
-0.2248267623531648
-0.23254353985356202
-0.23962360870644583
-0.2457042605763935
-0.24739263050417737
-0.2392054399249921
-0.21505006582965902
-0.1744324484565536
-0.11966715542447015
-0.051566814501583735
0.026477658078809974
0.084122401543271
0.3178616405472402
-0.04286228106450163
-0.13049235543755633
-0.17521946923646836
-0.20282226796334157
-0.22103339594157956
-0.23324361131303406
-0.24276558521739733
-0.250297580732985
-0.25707738353971976
-0.263979199873714
-0.2716392825807412
-0.27565012319078974
-0.26777610050598577
-0.23888769144056932
-0.1904323474044649
-0.12745663667471452
-0.04995376845086197
0.040240013632239835
0.10453998693066868
0.3162200573537399
0.20211887978530407
0.10543538569137101
0.05625338485431297
0.025815702540396113
0.0032470891223213005
-0.021854603430823127
-0.07068456975250448
0.20503655215571293
0.17074157127811096
0.09857293235770015
0.054012353123448875
0.024937738558892586
0.0028643165518688063
-0.022022030813231952
-0.07078412331651696
0.11842203506802151
0.12214260760964923
0.08307916510859836
0.048314697860407874
0.022625983750694578
0.001879794991868633
-0.02248383068691928
-0.07102682213370848
0.05648782691038701
0.07313549588224122
0.059722893140998656
0.03831115515979355
0.01822730159637942
-8.185057821319397e-05
-0.02337813604755068
-0.07150036919628855
0.016846995127836162
0.032795004168883146
0.03374368478856571
0.024457389930185314
0.011456553044213336
-0.003304125808297309
-0.024884225156061923
-0.07229289618690138
-0.005535380858476824
0.004836605326795862
0.010249698110463612
0.009254534448685625
0.0029421127964163185
-0.007727696238368997
-0.02705308754824065
-0.07345844732911266
-0.016655997291725733
-0.011571128779745976
-0.0060218948144623585
-0.00358762850139116
-0.005580231975331529
-0.012644719505363389
-0.02962006035004916
-0.0732371551274229
-0.019878732448981085
-0.018203505367409223
-0.013745503194281472
-0.01109714684678087
-0.011350837497486
-0.016268414628031636
-0.031644887894307416
-0.07511928703821358
-0.01987856335760063
-0.018203364471552685
-0.013745530849833099
-0.011097279349058242
-0.01135110550588303
-0.016268717829094337
-0.03164488899479956
-0.07511620174064149
-0.016656074723109704
-0.011570771660468049
-0.00602194426953373
-0.003587742698244245
-0.005580646548256407
-0.012645176860824225
-0.02961950402776803
-0.0732296199936806
-0.0055373257204260895
0.004836599501818917
0.010249530393364181
0.009254319560210833
0.002941637714365619
-0.007728099692494661
-0.027052010261599646
-0.07345012139711593
0.016845044234804596
0.032795160974591786
0.03374377990098487
0.02445727828001021
0.011456288852930374
-0.0033043044916880593
-0.024882933103445692
-0.07228585272937349
0.056489991807482265
0.07313609885461492
0.059723067276867714
0.0383110696856267
0.018227120976196498
-8.194162553598616e-05
-0.023377001601752267
-0.07149524182558409
0.11842310522060429
0.12214308328850909
0.0830792613804422
0.04831462937754505
0.022625873555550235
0.001879745620480544
-0.022483019842001184
-0.07102352191997419
0.205037503106837
0.17074189906017856
0.09857299197860914
0.05401231936540285
0.024937673376840053
0.00286429319828585
-0.02202156901188257
-0.07078234919078308
0.31622026011411775
0.20211896943543362
0.10543541326024397
0.056253377256241355
0.02581568135487977
0.0032470834126656634
-0.021854458744407612
-0.0706840250744456
-0.01405105534552864
-0.014074521824111397
-0.026742763654806545
-0.020137321787324858
0.07777412935697536
0.0619732207854895
0.11681188517858965
0.12011896500732622
0.11665011879629783
0.11266696182337665
0.10997056668432537
0.10635050013230318
0.09810041949436266
0.06001172431536028
0.07777099088079609
0.07804085686070694
0.07338581210103412
0.06912833402606167
0.06687872668862305
0.06468548117845374
0.05634614778618563
-0.019069339261247986
-0.02189077477193524
-0.02938782030558973
-0.03683969300263934
-0.041762487650089275
-0.04295193492484639
-0.04152313011938924
-0.044570163960193865
-0.08476625483025169
-0.10916275388185981
-0.12527654043904346
-0.13554540242477753
-0.14102504351084066
-0.14101526176194712
-0.13569714840063085
-0.1302781039176224
-0.14254238039755274
-0.18432788026777502
-0.20834950321547807
-0.2211418643580989
-0.2270357596614876
-0.22594419216141848
-0.21688973472007
-0.20199150560721058
-0.19069644307970202
-0.2460063233657268
-0.27638193951064105
-0.29118017440407895
-0.2975302515071634
-0.2957889957875659
-0.28316992950728403
-0.259485481092663
-0.22208117122614746
-0.28437236820652445
-0.31886348760619443
-0.33491835997041863
-0.34154932781055725
-0.33937338457759125
-0.3246529634778075
-0.29480790693390135
-0.22670865502618454
-0.2937848149551583
-0.3299277102929594
-0.34640427654372563
-0.3530214439507362
-0.35063512138235375
-0.3354725227719606
-0.3030637402585583
-0.21907185060982637
-0.28709119361391333
-0.32296472332345205
-0.33924846699230415
-0.34581261149095277
-0.34361047354184415
-0.3291774686492881
-0.2967641908057239
-0.2108001284079124
-0.27673218269896815
-0.3110603861089263
-0.3267887507950218
-0.33331404582782387
-0.3315037378507846
-0.3182295862408877
-0.28733639241769904
-0.20414699232929223
-0.2675375591433462
-0.29947329822256985
-0.31444103934125
-0.32103820191613486
-0.3198950046684672
-0.30773690493169936
-0.27981381175482944
-0.1985052842137467
-0.25798599561708513
-0.28687578508709133
-0.3009337328231716
-0.30746811591650447
-0.30698488862066253
-0.2962600612950266
-0.27297759948545264
-0.19219586741806727
-0.24740793679669282
-0.2728082261255609
-0.28586625318459613
-0.2921604145970391
-0.2921453503850253
-0.28294524371429075
-0.2654738235919545
-0.186226192332422
-0.2351682195846203
-0.25681940807906245
-0.2688369374374471
-0.27502885547787326
-0.27545702823785057
-0.2682226282791327
-0.25680331268790746
-0.18029313253696855
-0.22097966466318342
-0.2387932073600585
-0.24976372437326932
-0.2558607588523314
-0.2567508102187279
-0.25149045854918217
-0.24714708417939324
-0.17824464439064447
-0.20022074339256468
-0.21419814103313772
0.03135865433454288
0.031366560342943606
-0.2316270257455546
-0.22794659042339593
-0.23154100394463661
-0.16735295125909588
-0.17546799270076896
-0.18572653451148735
0.043768182762995544
0.04377595981016014
-0.20291083656178044
-0.2002027470679013
-0.2120878588958035
-0.1482252537628297
-0.13868793302519844
-0.14539998434300783
0.06731936931736571
0.06732868464587893
-0.1620299834890082
-0.16054411554101677
-0.1809689171824087
-0.16947903551132426
-0.14883099237354935
-0.152713942449491
0.11372471569979115
0.11373957304388893
-0.1690404348874064
-0.16901342227750016
-0.20485857484204573
0.12959473478537342
0.3345477615109578
0.5407646870511005
0.5408344179329558
0.5408637671300236
0.5408892591220107
0.3230838646446784
0.22983861782673987
0.06197344375664726
0.11681195677667677
0.12011910095762612
0.11665032194989622
0.11266730600410957
0.10997136503608362
0.1063519015182045
0.0981022811028196
0.06001199172509919
0.07804121781024431
0.07338588788873046
0.06912845624342734
0.06688358753735235
0.06468713015581373
0.056347524344961486
-0.01906927118431989
-0.021890560055520147
-0.02938756507439133
-0.03683941052227446
-0.04176263974094829
-0.042945763674625326
-0.04152079342985204
-0.04456839605420804
-0.08476667798999649
-0.10916353966507697
-0.12527677624049138
-0.13554473802084943
-0.1410250286843946
-0.14101404741351886
-0.13568871499106594
-0.13026951395831188
-0.1425424252437555
-0.1843276822280815
-0.20834948459869684
-0.22114235567180018
-0.227036530844841
-0.22594434793676688
-0.21688837607428413
-0.2019899210938807
-0.19069635407175212
-0.24600615739440745
-0.2763825612202875
-0.2911812320882825
-0.29753437545664196
-0.29579241380097887
-0.2831780927873533
-0.25949509748037336
-0.2220809884067363
-0.2843730370945228
-0.3188636363560178
-0.33491816064656854
-0.341545602918782
-0.3393770595740315
-0.32465313827537745
-0.294808203588357
-0.22670837318136972
-0.29378525492979923
-0.32992736537048684
-0.3464026141150005
-0.3530116958680969
-0.35063718632084306
-0.3354738778536559
-0.30306408726141654
-0.21907138283309124
-0.2870896692271847
-0.3229641898182207
-0.33924829908245324
-0.3458115726787736
-0.34361199517775565
-0.32917907063505414
-0.29676555858600073
-0.2108010322210705
-0.2767320710219643
-0.3110604019418075
-0.3267903384170383
-0.3333130293820228
-0.3315038841546545
-0.3182306247089812
-0.28733770663735925
-0.20414728233628243
-0.2675372218500496
-0.2994723621687969
-0.3144402229074481
-0.3210402259514302
-0.31989470170657763
-0.30773647523011083
-0.2798144794501749
-0.19850480706347073
-0.25798547571117236
-0.2868750458134042
-0.3009328883268081
-0.30747601327551255
-0.3069859738937002
-0.29626117542818076
-0.27297840935626283
-0.19219515348459515
-0.24740919448141296
-0.27280946219346003
-0.28586728456447563
-0.2921645442993688
-0.2921457634685074
-0.28294558373676404
-0.2654727826530934
-0.18622780861480148
-0.2351694323299689
-0.25682095936069027
-0.2688385160807705
-0.2750310015931938
-0.27545656929519313
-0.26822395759313866
-0.25680554090188146
-0.1802909558090835
-0.22097831052299877
-0.23879308166485802
-0.24976424169089095
-0.25586182205411645
-0.25675047079174584
-0.25149267530036634
-0.24715078854714667
-0.17824398082398885
-0.20022073812676844
-0.21419665927453235
0.03135877526409081
0.031366439238967425
-0.2316257483030959
-0.22794484954980376
-0.2315403700466443
-0.16735404222195305
-0.17546911427827228
-0.18572716662881716
0.04376749104998934
0.04377549871268871
-0.2029116157714077
-0.20020262019634738
-0.2120866268008632
-0.14822595577490105
-0.13868897129934799
-0.1454014840830089
0.06731987518590665
0.06732908900216106
-0.16202980306110693
-0.16054177975642347
-0.18096723671824422
-0.1694783584158257
-0.14882965472531828
-0.15271328018512986
0.11372444384001179
0.11374011715934695
-0.16903969042654188
-0.16901455321596592
-0.20485849816922364
0.1295950757033023
0.3345479241339092
0.5407643340901034
0.5408349460666018
0.5408632393166793
0.540889610004679
0.32308201068106757
0.22983592418508192
0.07777145368369609
-0.1349139863092912
-0.13500138876180756
-0.13516676831954366
-0.1354554414693938
-0.1359269531317544
-0.13277262634990583
-0.135192760298122
-0.13700400653200617
-0.13870352382311757
-0.13879072863277564
-0.13889525249388113
-0.139132843994608
-0.13951359766117055
-0.14009198795518518
-0.14091639887082752
-0.14207492445855197
-0.045631541179663726
-0.04571134629979756
-0.045836090639835625
-0.046057971386060714
-0.04602290186675617
-0.046774765885962744
-0.04783574361806808
-0.0488817734821172
0.10222917745637206
0.10216666897437976
0.10212051843386061
0.10191357019419611
0.101533205859482
0.100921298699299
0.10001740309811258
0.10951490612279824
-0.1370897906541515
-0.1352201488806788
-0.13278356004527714
-0.1359360803619798
-0.13546128758587228
-0.13517030336788993
-0.1350032203037863
-0.13491445234865274
-0.1418965954713436
-0.1409110864932237
-0.1401017453624116
-0.13952546693675183
-0.13914272119814752
-0.1389020364195681
-0.13879441318028296
-0.1387048330875682
-0.04907171317056891
-0.047801335311553395
-0.04674845290629115
-0.04600625577294615
-0.04604723486527007
-0.04582932835162801
-0.04570768822469473
-0.045629823025744365
0.10957875312595367
0.10000479214765112
0.10092535253081181
0.10154032414592651
0.10191988669528618
0.10212479506296501
0.1021687660759859
0.10222588730609661
-0.14363107994398572
-0.14161595132948457
-0.1386255600738664
-0.1437539351147774
-0.14342625098364548
-0.14322068207094762
-0.14309312010262065
-0.1430433265136941
-0.143120339199311
-0.14205929557676988
-0.1413724454543166
-0.14090606782993387
-0.1406013743856911
-0.14040767609250882
-0.14032469474353393
-0.14029563732479855
-0.049620294358399875
-0.04859886118514756
-0.04761533420371289
-0.04693305338416098
-0.04702136655258471
-0.04684425462048836
-0.04675916856710227
-0.05187501543024409
0.10929737944971119
0.09951120584014439
0.10036207458156887
0.1009260758245204
0.10126237952640027
0.10142464542959218
0.10141969385180538
0.10162610793765114
0.23254856130025658
0.23382450076048922
0.23488823119117286
0.23560319762504656
0.23605070658182925
0.23631474705773514
0.2364616658620624
0.23653152611404937
0.23254566467630944
0.2338123909116444
0.2348751005938413
0.23559233453680517
0.23604271609367844
0.23630954378095248
0.23645882767396542
0.23653064478477948
0.23216059123655752
0.2334862727383803
0.23450630095481007
0.23518594529939618
0.23560350052855006
0.23583917731605764
0.23595410924931892
0.2360707489722096
-0.02545765670695399
-0.04834857377909607
-0.051805228158887884
-0.05503490541763534
-0.059078386604288546
-0.06323650907429523
-0.06745802790842426
-0.07158187921942183
-0.07555047386789737
-0.07908369585050079
-0.08224365113693222
-0.08442234646037905
-0.08419215802777202
-0.08190196273661665
-0.07711344643230267
-0.06942047717854583
-0.05870069088540042
-0.045747917980943686
-0.03179436615427922
-0.015835856997456377
-0.026108739532771486
-0.04385428540272729
-0.04993575754175339
-0.05589346980239229
-0.061948942183118305
-0.06816218914081551
-0.0747729750777435
-0.08172071522732671
-0.08774841388259036
-0.09270234429988622
-0.09705213178269889
-0.0993167942463653
-0.09889854121107589
-0.09580125464398814
-0.08936755169769572
-0.07913960446618185
-0.06485841557309002
-0.0475706946773955
-0.02935194336136293
-0.009977408325070325
-0.021009630800251644
-0.036105449733738304
-0.04800657700551514
-0.058635384065543805
-0.06931247899756854
-0.08036469680746339
-0.09058105575924857
-0.09992019771861993
-0.1084799884896932
-0.11573691167856026
-0.12113240156847316
-0.12376467431861471
-0.12322512981452305
-0.11885615346512446
-0.10972484875482436
-0.0951670924277257
-0.07477101344103687
-0.04982857356243464
-0.023695951441174756
0.001685755807480649
-0.006453478565548565
-0.022782150755114472
-0.04565827635737274
-0.06447697855897938
-0.08203489152412957
-0.09810797836180218
-0.1126216729438021
-0.12521991242843633
-0.13562982323655004
-0.14416581248091065
-0.15034831558197959
-0.1535856244804632
-0.15301587466804034
-0.14725113942960233
-0.1348183523998887
-0.11469071312284007
-0.08666336457444412
-0.05173377188024819
-0.014474483160478169
0.018749133970079268
0.021952225116024793
-0.0044628968342530495
-0.04586965555815792
-0.07601387876110643
-0.1012906726433167
-0.12262062863340817
-0.14019371097984457
-0.15436119305511165
-0.1658567508475406
-0.17487100864955973
-0.18156134831605386
-0.18556024133341942
-0.18506380492269514
-0.17800434163473655
-0.16198498120786775
-0.13562551433983439
-0.09868706113163217
-0.05253063728327545
-0.002263350136740616
0.03924383960239353
0.0718916240214732
0.014095447568200692
-0.053268610490009305
-0.09656438196112394
-0.12875274405556159
-0.152594845114439
-0.17089920620945875
-0.18520859126752964
-0.19624696812611941
-0.20495750053887707
-0.21196183680262415
-0.21677008454460478
-0.21699611554941844
-0.2090294491526672
-0.1890928212450722
-0.1558570280602356
-0.1098972041919759
-0.0524253112113533
0.011786171433819659
0.061635843593445316
0.16191794129013026
0.014632749695055458
-0.07789208665341008
-0.12956689988215842
-0.1633271301099477
-0.1861374687737869
-0.20260794519044456
-0.21518087807219577
-0.22483174578886267
-0.23254937077134752
-0.23962162802758735
-0.2457069457168759
-0.24738847681490128
-0.23920331914202353
-0.21505219158798305
-0.17441929292716662
-0.11965271899213215
-0.051565490678697534
0.026468888607761087
0.08411831174592266
0.31785674739763237
-0.04289236763162396
-0.1304830309923306
-0.17522028703381531
-0.20281977846207755
-0.2210348878175803
-0.23324200901216185
-0.2427559886610695
-0.2503004736081238
-0.2570880100734776
-0.26398035698830347
-0.2716374240756898
-0.2756463079400808
-0.2677764013766144
-0.23888968906426844
-0.1904176289407986
-0.12744262713080623
-0.04995330307004142
0.04023040182666415
0.08462531223492364
-0.025451804778771958
-0.048348701797974236
-0.051820559669460975
-0.055040037198002434
-0.05907488601554012
-0.06324004634299674
-0.06745437394119969
-0.07158329250534257
-0.07554819979077543
-0.07908370329468917
-0.08224543276308216
-0.08442182833987899
-0.08419390322237641
-0.08190206318628346
-0.077116858048909
-0.06942072275470346
-0.058696693974513936
-0.04574868613951155
-0.03179580934455806
-0.015835468248688978
-0.026098641007863632
-0.04386536674403407
-0.04994989185481935
-0.05588739709478596
-0.061951541060516035
-0.06817226878559768
-0.07476617668223473
-0.081719266808717
-0.08775212695955181
-0.09270270651201318
-0.09704686329479872
-0.09931710053458187
-0.09890160812317217
-0.0958033269223677
-0.08937472806338187
-0.0791361676006197
-0.06485119221428803
-0.04757134375908656
-0.029353809681881726
-0.009976305182733292
-0.021002373774184013
-0.03611888196561375
-0.04800522808650731
-0.05862168954239744
-0.06932400168515396
-0.08036741270570258
-0.09058003810111614
-0.09991664956980695
-0.10848209966786815
-0.1157402741176039
-0.1211310556367915
-0.12376389093706242
-0.12322478280322113
-0.11886076995065187
-0.1097346818361693
-0.09516134591796299
-0.07476195699554355
-0.04983009555750373
-0.023696507985475623
0.0016877776462363991
-0.00645201002417517
-0.02278179479300202
-0.0456568613348145
-0.06447819510544117
-0.08203732150330256
-0.09810652666666475
-0.11262333238396138
-0.1252152632973269
-0.13562589609863562
-0.1441701648449667
-0.1503553991403146
-0.15358335868714756
-0.1530148476029627
-0.14725618740422108
-0.13482001089292117
-0.11468539286032753
-0.08665953509897495
-0.051736833750723354
-0.01447285462848158
0.01875099655021173
0.021953567293000242
-0.004462903668119411
-0.04587146677464293
-0.07601906173796791
-0.10129079308986588
-0.122622410028701
-0.14019063872492432
-0.15435604561659866
-0.16585808822769477
-0.1748723563604968
-0.18156476769553898
-0.1855618320978376
-0.18506474106951254
-0.17800679716081258
-0.16198753539916022
-0.13562136747687603
-0.0986828680932843
-0.05253190887246362
-0.002261351801032374
0.03924500629686456
0.07189086878850459
0.014096463881677401
-0.053268704849818604
-0.09656472661721116
-0.1287550318847248
-0.15259678691778733
-0.1708965600085921
-0.18520552819172487
-0.19624961113389272
-0.2049583939527584
-0.21196285879396215
-0.2167727546405891
-0.21699706736125823
-0.20903040736863798
-0.18909829722501392
-0.15585437095797539
-0.10989135534008954
-0.05242478522665772
0.011787839849770054
0.061636162704822195
0.1619181390239065
0.01463277367434912
-0.07789137791112655
-0.1295667600329251
-0.16332815659817035
-0.18613867086068603
-0.20260738628267516
-0.21518035723884021
-0.22483277168378168
-0.23255005537655093
-0.23962304479023655
-0.24570878500572912
-0.2473890741098672
-0.239204032695296
-0.2150397384580358
-0.1744184064942389
-0.11966029074015805
-0.05156414087749406
0.02647032791346704
0.08411822298332561
0.3178561537536285
-0.04289107686910931
-0.13048134865417071
-0.17521871246836196
-0.20282017914555173
-0.2210379100889508
-0.23324249202351455
-0.24275547220327276
-0.2503013126011673
-0.2570888151345807
-0.2639816207640253
-0.2716390864868117
-0.27564677338979116
-0.2677768017455777
-0.23887935685184813
-0.19041736421017497
-0.12744865394488247
-0.0499516830284048
0.040231838523264174
0.08462669227018937
0.31623047987200026
0.20211854924955808
0.10543495856360952
0.056252845273630836
0.025814958980174052
0.003245781934198555
-0.02185658545384439
-0.07067922764834611
0.20503549523962272
0.17074233782686743
0.09857263905249858
0.0540118470905796
0.0249370162598318
0.0028630548569936742
-0.02202360385191482
-0.07077776957270987
0.1184223697488136
0.12214289611532936
0.08307841320199438
0.04831399529732605
0.022625218611373676
0.0018785867769769427
-0.022484875119549885
-0.07101955568291873
0.056489627987222235
0.07313598849621683
0.05972240249939553
0.038310493771049225
0.01822654951197089
-8.289953672435679e-05
-0.023378515602761274
-0.07149217238205074
0.016849634851226925
0.03279533384061217
0.03374330995077335
0.024456867205292054
0.011455873482552503
-0.003304935274889287
-0.02488388908943384
-0.07228435095761077
-0.005534087461543269
0.0048368419836651855
0.010249394831220782
0.009254164488238126
0.0029416259971570824
-0.007728179790759571
-0.027052171157087246
-0.07345086373245491
-0.016655027912763076
-0.011571117929616515
-0.006022171344539862
-0.003587917346473013
-0.005580531618728735
-0.012644905862110534
-0.029619016343384263
-0.07323178789209406
-0.01987875542791606
-0.01820372174091256
-0.013745792021532255
-0.011097282281092413
-0.011350915841956244
-0.016268441488056284
-0.03164440100070065
-0.07511723397113945
-0.019878490826712003
-0.018203431758007538
-0.013745618542265303
-0.011097155372082446
-0.011350891869166713
-0.016268496479051597
-0.03164476132360994
-0.07512038284634714
-0.01665491250638551
-0.011570420231493461
-0.006021752540040115
-0.003587427096260143
-0.005580286698144921
-0.01264487765008715
-0.02961985258786748
-0.07323912143296352
-0.0055357988196587105
0.004837124512288904
0.010249671490263013
0.00925455976606393
0.002941837237983247
-0.007728189450925349
-0.02705345755938149
-0.07345882635307754
0.01684761516769162
0.032795406591423215
0.0337436112122631
0.024457233957322133
0.01145614314598864
-0.0033049222449379467
-0.024885320818499368
-0.07229113869313486
0.05649124155483343
0.07313574587111493
0.05972262803448669
0.038310824556160306
0.01822672925662716
-8.292457580316714e-05
-0.023379809993772538
-0.07149721584147861
0.11842187259379378
0.12214249110648068
0.08307859410589591
0.04831423684134928
0.02262533060689753
0.0018785496316215955
-0.022485825496160627
-0.07102288934122547
0.20503531624917692
0.1707421766191386
0.09857267321839802
0.0540119359502923
0.024937068571972643
0.0028630282586258327
-0.022024137931587084
-0.07077960710127873
0.316229972841216
0.20211845728280442
0.10543496704223454
0.05625287063945972
0.02581497305037439
0.0032457739996408774
-0.02185675290514677
-0.07067980043933786
-0.1348833383329131
-0.13497190995767938
-0.13513937958745537
-0.1354311284013705
-0.13590666465438095
-0.1327569200698553
-0.1351826008543069
-0.13700039855216462
-0.13869077277826447
-0.13878039948407905
-0.13888761720917442
-0.13912772269100948
-0.13951025430684538
-0.14009036455588753
-0.1409162503902619
-0.14207507442210887
-0.0456797819113226
-0.045758927444292885
-0.04588133154790319
-0.04609876684003256
-0.046059142275747256
-0.04680386394378
-0.047854339358556874
-0.048888462530471966
0.10216919874530928
0.10214360452871285
0.10209442363766164
0.10188991834402372
0.10151307275759913
0.10090499486903193
0.10000635255023926
0.10951267412645416
-0.13691385835472514
-0.1351552618117955
-0.13274594847548604
-0.13589793656238158
-0.13542557144955425
-0.1351360262949044
-0.1349702237713748
-0.13488277670908078
-0.14225563822951126
-0.14092505892562257
-0.14008307489943284
-0.13950038995881053
-0.139119351143987
-0.13888193216982891
-0.13877753573715235
-0.13869017347094537
-0.04869119964264912
-0.04788523651342724
-0.04682567675070293
-0.04607223053405285
-0.046106885759777505
-0.045886071309010346
-0.04576114035893841
-0.04568505823507141
0.10946205885399563
0.10002964905990097
0.10090937354659835
0.10151277189994679
0.10188875230415384
0.10209374317020048
0.10213277734088932
0.10222374904819964
0.23255120019084907
0.2338327319168204
0.23490197552992698
0.23562184683850151
0.23607374040208107
0.23634121735569524
0.23649142351497532
0.23655167371611208
0.23256732081506093
0.23385561291831314
0.2349222566145558
0.23563719424838336
0.2360846478777444
0.2363483886808765
0.23649486648299656
0.23657662859062278
-0.032761296968313314
-0.046483735330909104
-0.05679095439743853
-0.06465424417304622
-0.07080500002139378
-0.07566009699197607
-0.07949051635896165
-0.08248911073793952
-0.0847618304604616
-0.08634579382713947
-0.08716380617351649
-0.08691325756875568
-0.08496705204217836
-0.08031534553769815
-0.07162725634063749
-0.057250260471524594
-0.03567399834122886
-0.019673636608372513
-0.03469647184084712
-0.045592509681604554
-0.05595022015809881
-0.06410344925558986
-0.07057709688458735
-0.07578199715457434
-0.07996752851100353
-0.0833263667031372
-0.08594836907603076
-0.08786410810606915
-0.08895119670492946
-0.08879607093383424
-0.08659780594713107
-0.08129957307961
-0.07181291849984972
-0.057023739996892475
-0.035669034829534096
-0.019028243617151386
-0.014017182685271745
-0.014123572158449837
-0.02673930234194999
-0.02012617267969774
-0.032766824081287504
-0.046486055641921986
-0.0567905094162251
-0.06465357399447536
-0.07080509678284685
-0.07566055209182254
-0.07949105714676286
-0.08248968236598686
-0.08476233555564261
-0.08634645131186613
-0.08716431169060068
-0.08691100004424213
-0.08496478831400411
-0.08031253956054041
-0.07162963540398315
-0.05725305963450911
-0.03567412830188954
-0.019698518621646066
-0.034720243960138175
-0.0456006295389364
-0.05594978509274684
-0.06410263152751794
-0.07057760535150903
-0.07578247230273094
-0.07996823050812085
-0.08332723535744613
-0.08594909074932344
-0.08786470633482812
-0.08895143589077681
-0.08879629370074982
-0.08659760769414171
-0.08129876810599002
-0.07181509111260875
-0.057027388049727845
-0.035670856105403326
-0.01903779187135224
-0.01403128405052012
-0.014146625983330718
-0.026730650823012292
-0.020142525817881785
-0.0327578797420256
-0.04648095552461129
-0.05678919294133222
-0.06465329749239923
-0.07080509994562556
-0.07566060414833053
-0.07949102786495832
-0.08248965618986026
-0.08476234975900288
-0.08634612530310082
-0.08716390126059159
-0.08691331701482241
-0.08496738689566219
-0.08031607451259148
-0.07162790979082545
-0.057251903455247666
-0.035677499149573855
-0.019702050434715623
-0.03467813324038138
-0.04558540808595857
-0.05594628733028406
-0.06410225137365333
-0.07057757280967047
-0.07578278567915642
-0.07996808439800374
-0.08332709615758405
-0.0859491768483962
-0.08786468107507428
-0.08895149044491069
-0.08879638736968398
-0.08659864250511262
-0.08130128450432283
-0.07181495699091456
-0.0570273906785288
-0.035672216254114764
-0.01903252410038636
-0.01403128440321888
-0.014145337402207803
-0.026731550154105888
-0.020109345528648737
-0.009349899290531427
-0.009859400738657875
-0.01703336538663658
-0.03395154370478104
-0.08091488905063504
-0.003264963640579932
-0.005314455649364058
-0.014641185036889048
-0.03266722511660469
-0.07940448474721884
0.007303810561035573
0.001401235933775613
-0.011514539185695227
-0.031098220498693152
-0.080137072563774
0.020280493714086578
0.008242014471710246
-0.008764725113255878
-0.029796170170576675
-0.07941604957726023
0.0339036834919052
0.013888276124592536
-0.006818301516777536
-0.028912215444276246
-0.07892657269499082
0.04659935491810563
0.0177441006822322
-0.005639702089603071
-0.028388275591599177
-0.07864007419910135
0.05732764218358943
0.01987577740677915
-0.005045325446620286
-0.028129982776688323
-0.0784857933388623
0.03629659060716772
0.020704466512445396
-0.004825808876425919
-0.028032287537494538
-0.07841530966733301
-0.14362991201618147
-0.1416128332794273
-0.13862160445838256
-0.14375096180195523
-0.14342411019333468
-0.1432193122442602
-0.14309234581682895
-0.14304293047633676
-0.14313657142447367
-0.14207752124565554
-0.1413918123968132
-0.14092320661927382
-0.14061448568271517
-0.14041633126360797
-0.14032935485535103
-0.1402970895802409
-0.04948944649558018
-0.048591347345363634
-0.04762079737261038
-0.046942492804415314
-0.04703017549608468
-0.04685095813785933
-0.0467632551406465
-0.0514667670204243
0.10882052697634759
0.09952106452920428
0.10037492766956835
0.10093697050074979
0.10127009741237503
0.10142900385173903
0.10142589272145297
0.10162451281439788
0.23227011608328674
0.23344287265775898
0.23449687825015042
0.23518997822878285
0.2356106169108273
0.23584421015889967
0.2359540249517701
0.23604368303670598
-0.009349831029489719
-0.00985944468531641
-0.01703344276762042
-0.03395147983736746
-0.08089285842159688
-0.0032642788828356473
-0.005314342596640431
-0.014641087316415557
-0.03266711558237789
-0.07939599937399233
0.007304560600279619
0.0014013685670911658
-0.01151444413935887
-0.03109796166527956
-0.08013175358859703
0.020281386391253875
0.00824218425833001
-0.008764649693442372
-0.029795703157176057
-0.07941139601756153
0.033904271639091155
0.01388842387113054
-0.006818254306031335
-0.028911593049593565
-0.0789224960860666
0.04659960929925688
0.017744223253463254
-0.005639659883686532
-0.028387514710764616
-0.07863645022801768
0.057328288590043575
0.01987594632539591
-0.005045259011649428
-0.02812909873922642
-0.07848219334981144
0.036296835056842225
0.020704613491758117
-0.004825735267267595
-0.028031347442465604
-0.07841167132073146
-0.14362758431959177
-0.14161418867557884
-0.13862172682676754
-0.14375185631035636
-0.1434242038834015
-0.14321873973641974
-0.14309133268421048
-0.14304182685380873
-0.1431208321251809
-0.1420888967772702
-0.14139945047651992
-0.1409298415608582
-0.1406210294361938
-0.14042239950006707
-0.14033489324495263
-0.14030174422674002
-0.049503723826205714
-0.0485843955080687
-0.0476185021690998
-0.04694101030681885
-0.04702874691060188
-0.046850220877856286
-0.0467621614162288
-0.05187140151411951
0.10884899140783233
0.09952538329283944
0.10037865913636745
0.1009399586709332
0.10127174277261641
0.10143001709187494
0.10142126943219443
0.10162405146887377
0.23228621393490356
0.233447591646178
0.23449670123984034
0.23518692446856815
0.23560635380903372
0.23583967846690201
0.23595118136391013
0.23606420888881963
-0.00935001967477267
-0.009859547101306987
-0.0170335366625487
-0.033951671192753
-0.08089337354715198
-0.003265329668482586
-0.005314866142598129
-0.0146418639295538
-0.032668408689719985
-0.07939848400652005
0.007303860171402499
0.0014006786364769708
-0.011515603712560107
-0.031099950483756134
-0.08013522962769737
0.020281100763004267
0.008241452078049272
-0.008765817816200006
-0.029797674502522575
-0.07941470583490684
0.03390404685751924
0.013887853014789231
-0.0068191763192693156
-0.028913150478256266
-0.07892506399341714
0.04659961585132033
0.01774384748603508
-0.005640279371514234
-0.02838856173715154
-0.07863814775151745
0.057328475373279564
0.019875753401944474
-0.005045598769550352
-0.028129673030909297
-0.07848311210799497
0.03629681919477212
0.02070456108085228
-0.004825837087981455
-0.02803152255322261
-0.07841196707995413
-0.143628201202874
-0.14161677574578513
-0.1386253424149484
-0.14375429343023782
-0.1434259346860065
-0.1432198455196252
-0.14309189654078835
-0.14304208644184024
-0.14310076721347653
-0.14206729953431818
-0.14137755209770386
-0.14091067298990767
-0.14060648177703916
-0.14041271126109844
-0.14032945465860247
-0.14029980928411945
-0.04963837411419858
-0.04859590949815207
-0.04761773823197646
-0.04693510209974039
-0.04702261264505969
-0.04684569437423258
-0.04675997845718016
-0.05146430418393133
0.10931230861640506
0.09950420087158962
0.1003565326283572
0.1009211892288332
0.10125744933511516
0.10141975907852951
0.10141893138216385
0.1016200341325183
0.232140395783758
0.23347926907958838
0.2344974407913527
0.2351763782405284
0.235593469586997
0.23582822747214438
0.23594128109049162
0.23603403908746923
