0.06650956922232443
0.11680358241191069
0.12017587593769852
0.11670414589596634
0.1127187130505185
0.11001948035277831
0.10640942393018915
0.09663199216805696
0.059767700251292744
0.07772005603364018
0.07804211726137555
0.07338546719187955
0.06912755955469907
0.06688244147964395
0.06469074612415748
0.05634588564807219
-0.019169553833461306
-0.02190140735237267
-0.029387781096316123
-0.03683971598570435
-0.04176219974647677
-0.04294063657711855
-0.041519135312116706
-0.04456889748995918
-0.08477569515852124
-0.10917163834989752
-0.1252769242280749
-0.13554512409910435
-0.14102520313705713
-0.1410069552954747
-0.13569760913984363
-0.13028302960261406
-0.14114463858987847
-0.1843345650216024
-0.20835052745315918
-0.22114181120047438
-0.22703652541705477
-0.22593731858646793
-0.21690475389371366
-0.20200522058414916
-0.18860598257139993
-0.24601120712136382
-0.27638312495891304
-0.29118029906447185
-0.29753171714568305
-0.2958091200396582
-0.28318163011098774
-0.25949317434230634
-0.21893675329598938
-0.2843791834485432
-0.31886862472145716
-0.33492267880274795
-0.3415420306109471
-0.3394049662244434
-0.3246566543052265
-0.29480938733891215
-0.22606766333556716
-0.2937907093250398
-0.3299328704593161
-0.3464087617053484
-0.3530105577433449
-0.3506378526187768
-0.33547492080908614
-0.3030672675989885
-0.2207125999135644
-0.28709580874899876
-0.3229689604364159
-0.33925204780438833
-0.3458146891114926
-0.34361366237085744
-0.3291787295540143
-0.2967660049748375
-0.2134381175790958
-0.2767345044709517
-0.3110621281767123
-0.32678980912341093
-0.3333119599961649
-0.33150448786539455
-0.3182306316502639
-0.28733514473209465
-0.20816998398961428
-0.2675399010190891
-0.29947495027217075
-0.3144420504491223
-0.3210416332568895
-0.31989657788934256
-0.3077377648828592
-0.27981449616206233
-0.20337610698078645
-0.2579876662814562
-0.2868771975961768
-0.30093442337139087
-0.3075030253206734
-0.30698849908397463
-0.29626070165314267
-0.2729761027384261
-0.19851194467980515
-0.24740966497390127
-0.2728095013263272
-0.28586691441291845
-0.2921928498760511
-0.29214766953599414
-0.28294571746406527
-0.2654674701655746
-0.19331431619875938
-0.23517015992115442
-0.25682054454116066
-0.26883749318614925
-0.2750258835542514
-0.2754562914855083
-0.26822559121605605
-0.25678102147464554
-0.18781361116237627
-0.22098131878335492
-0.2387943691392913
-0.2497644097240257
-0.2558587035732214
-0.25675039162053626
-0.251495800925825
-0.2470925579303218
-0.17785984577684988
-0.20022146303310895
-0.21419919983333968
-0.22408867589032422
-0.23004529483840663
-0.2316268825540022
-0.2279491400359126
-0.23143449163986696
-0.16747566971104244
-0.17546864170513365
-0.18572842213184582
-0.19454035140957138
-0.20033736578025452
-0.20291199062033694
-0.20020418260023543
-0.21178768372805634
-0.14856223369300725
-0.13869269612992552
-0.1454038893563423
-0.15313554098580884
-0.15872212475683667
-0.16203330153361262
-0.16054800219517995
-0.18033606037990602
-0.18441330844137416
-0.14949766725584235
-0.15341526579599507
-0.16052848205006032
-0.16613005091980426
-0.1698284556662375
-0.1697967886697127
-0.20202983518086826
0.11975678566010872
0.3344146801778123
0.3331357269155465
0.3290565873743664
0.3256714378122295
0.3233426072742914
0.3229452582569591
0.22695885762347967
0.06785322680456152
0.11686099809423856
0.12017242274020046
0.11670352382105831
0.11271864422031386
0.1100218462296696
0.10640898481162597
0.09663140907458212
0.06037130476157415
0.078040040016923
0.07338485926077742
0.06912756317267066
0.06688589579185777
0.06468971424263559
0.05634473560458686
-0.018985318467956258
-0.0218806539552312
-0.029387985285155738
-0.0368398967840895
-0.04176211763272075
-0.042946804841905495
-0.04152139804724286
-0.044570822677926225
-0.08473522816454637
-0.10915397409600636
-0.12527618545341945
-0.13554473614535612
-0.14102498706486166
-0.14102130405818913
-0.13570681256484973
-0.13029233092409065
-0.141125683672366
-0.18432053553544647
-0.20834867229282472
-0.22114240792024398
-0.22703647960207363
-0.2259550988203649
-0.21690925786585735
-0.2020082024700387
-0.1885948645461759
-0.24600090813477937
-0.2763814994632088
-0.2911813084260546
-0.29752881762222505
-0.2958084531865528
-0.2831749540550039
-0.25948505638646036
-0.21892952903834306
-0.28437228486802946
-0.31886640888551576
-0.33492229792679185
-0.3415448907398422
-0.3393823434451064
-0.3246552804698215
-0.29480898197736405
-0.22606252981400465
-0.29378536265492494
-0.3299302130491506
-0.34640679486099657
-0.35301844039800034
-0.3506364514210636
-0.33547437135700653
-0.3030669100840149
-0.22070833259394185
-0.2870897027570385
-0.32296623155390924
-0.339251478355445
-0.34581531017377687
-0.34361298484523006
-0.3291783565856057
-0.2967667235249014
-0.2134355733947393
-0.2767306239910803
-0.31106006630378724
-0.32679091222263223
-0.3333146453064537
-0.3315029543879877
-0.31823117375132526
-0.28733588866058324
-0.20816807844558527
-0.26753634222591494
-0.2994720322214295
-0.3144406768703918
-0.32103977939172057
-0.3198951488739339
-0.30773739523391663
-0.2798147815564529
-0.2033735845628013
-0.25798429676484713
-0.28687454135790125
-0.3009329449160665
-0.30749470808382373
-0.3069889642201791
-0.29626116131585944
-0.27297651093032615
-0.19850937435928429
-0.24740832018878045
-0.272808857372558
-0.2858672397575053
-0.29218754497795785
-0.2921482042733574
-0.2829453777766626
-0.265465958387048
-0.19331312387510202
-0.23516892034191672
-0.2568202181485806
-0.26883829370591106
-0.2750260532617501
-0.27545616605050416
-0.2682261609537058
-0.25678261156949467
-0.18781172447905758
-0.22097757685872677
-0.238792330446157
-0.24976406900900527
-0.25585829712093267
-0.2567496256415609
-0.25149713284542097
-0.2470954435134587
-0.177857557539165
-0.20021905315429112
-0.2141957145789013
-0.22408558373398968
-0.2300430134194842
-0.23162524971684628
-0.22794633161713462
-0.23143271942614607
-0.16747509317762055
-0.17546723243834683
-0.18572687981524405
-0.19453975779535138
-0.20033788050592194
-0.20291250772876435
-0.2002027224889309
-0.21178485750021925
-0.14856095740956188
-0.13869090523324856
-0.14540291394521088
-0.1531348431308701
-0.15872314359638517
-0.16203296502175402
-0.16054391414672664
-0.1803320705712277
-0.18440999260866864
-0.1494924424369366
-0.1534111827532818
-0.16052695733100775
-0.16612907385531184
-0.16982772307197735
-0.16979518988986486
-0.202025674126868
0.11976151189690232
0.33442031392022376
0.33314133189132933
0.3290596395296065
0.3256714596587348
0.32334376318452696
0.32294785673085213
0.22696256324176944
-0.03276549026558895
-0.0464831805425574
-0.05679094604240609
-0.06465438426981795
-0.07080506362454742
-0.07566012040997294
-0.07949063943667789
-0.08248925377044491
-0.0847619612136945
-0.08634630198298954
-0.08716449590884467
-0.08691134346168328
-0.08496501823174762
-0.08031267872661929
-0.07163039557633089
-0.057254082547114615
-0.035668486597558946
-0.019646167459115293
-1.6895187723627632
-0.8787091614881859
-0.5427048181020739
-0.37200414912970414
-0.27063227323683337
-0.20651816133736234
-0.16374188047103733
-0.13419457731617013
-0.11372556035190406
-0.09988910487763136
-0.09157206853166167
-0.08900380156508647
-0.09462848545650981
-0.1120217455768373
-0.14447369658169684
-0.20106888564242098
-0.3184090354784488
-0.6789692213203034
-0.025848303456373678
-0.05327671635867204
-0.0557991907077251
-0.05836546139815613
-0.06176712235471116
-0.06536553492775421
-0.0690763177449647
-0.07275967979385456
-0.07634156217320487
-0.07957142003933582
-0.08249544613213633
-0.0845070915078121
-0.08417769898844685
-0.08183927658395351
-0.077042136788249
-0.06936347046109237
-0.05866097987459429
-0.04572155887820628
-0.03174369568154045
-0.01569097728220581
-0.0258193130934381
-0.045653124419274826
-0.05073426294047412
-0.056400465510540565
-0.06227415637786837
-0.06836436687518321
-0.07488900961908618
-0.08178506996860291
-0.08777992824889647
-0.0927170863518878
-0.09705532012235807
-0.09931424910154552
-0.09890001461133413
-0.09582332767427881
-0.08943673336439106
-0.07925739842225754
-0.06500105633366715
-0.047706080509118065
-0.02939175194216781
-0.009767278348761232
-0.020897192551579735
-0.03876404839316061
-0.049089948027639885
-0.05928710172764573
-0.06970942982582495
-0.08058153943142377
-0.09069327609216482
-0.09997450702296606
-0.10850192099430034
-0.11574867336717132
-0.12113472520563939
-0.12376014122946266
-0.12322599735019435
-0.11888487871667208
-0.10982163136175416
-0.0953255755116913
-0.07495006308092078
-0.049983498382464964
-0.02370344785830003
0.00194435745578303
-0.0064650149802159
-0.02647117786011144
-0.04697943169754559
-0.06518600602642954
-0.08238418811962855
-0.09826471118418945
-0.11267350744268301
-0.12522321565193795
-0.1356289863884721
-0.1441628933131145
-0.15034602804084152
-0.15358091874253765
-0.15301433506975592
-0.1472852323595477
-0.13492479720936568
-0.11486661422132904
-0.08666180771044663
-0.05172636584242829
-0.014463053314305752
0.018740472085703064
0.02206929588272577
-0.00922436594403786
-0.04724388363897081
-0.0766142282003135
-0.10150770164835121
-0.12267323987880663
-0.14017518738855417
-0.15431253867544492
-0.1658261227605824
-0.1748569259647772
-0.1815593023445652
-0.1855578968014726
-0.18506088121662012
-0.17800425800025388
-0.16198693033637612
-0.13563097291531045
-0.09868911703254302
-0.052525785208733966
-0.0022562919181032814
0.03923597990251859
0.072809077589302
0.008130523130117862
-0.054533786198046386
-0.09691992316916753
-0.12880085614507708
-0.1526008024607044
-0.1709020758966715
-0.18520369254356228
-0.19623985091925067
-0.2049610274818332
-0.21196194765259313
-0.21676456814821776
-0.21699776625112044
-0.209031288301345
-0.18909562484025977
-0.1558633220482999
-0.10990118104957824
-0.052422053760387666
0.011791413244466975
0.06162965544767618
0.16191463300610198
0.014751637491910219
-0.07788824423325114
-0.129563973309599
-0.16332278858325644
-0.18614059915541348
-0.20260934481781345
-0.21518801077655692
-0.2248264822112085
-0.23254344614719047
-0.23962273851567506
-0.24570294750220745
-0.24739257311754925
-0.2392053646671095
-0.21503552277466254
-0.174428605780246
-0.1196707436012796
-0.0515627113436159
0.02647446107195539
0.0841138017427091
0.308471539311312
-0.04248845942945145
-0.13111289097228362
-0.1754540309658552
-0.2027455541768377
-0.22083317085701504
-0.23299095695249905
-0.24253710692021668
-0.2501081073333853
-0.25694667721067344
-0.26391275185827046
-0.2716093082435451
-0.2756565227643337
-0.2678547896481758
-0.23900948690375445
-0.19051823194184014
-0.1273828930497618
-0.049752955309823044
0.04055834233910571
0.08473537003806819
-0.00935191759789089
-0.009852334533430929
-0.017031725044529766
-0.033951556227080903
-0.08198143622855136
-0.0031881122915933258
-0.005292746464297782
-0.014636572774886725
-0.03266715963965172
-0.08106378530834757
0.007298338976800101
0.0013990959320349106
-0.011516315618398387
-0.031100609118722478
-0.08014524237522447
0.02027678523549925
0.008240657829663434
-0.008766228553991118
-0.029798408311749514
-0.07942498305899415
0.03390236610037878
0.013887503037046112
-0.006819424632054982
-0.02891398027252845
-0.07893572471871502
0.04659934609847205
0.017743684801691972
-0.00564044385644169
-0.028389478687558256
-0.07864900102003314
0.05732804938448699
0.019875582731707975
-0.005045729871428817
-0.028130649160133414
-0.07849419005119929
0.06461435974405005
0.020704383314240404
-0.004825936226441341
-0.02803249305882205
-0.07842276867555054
-0.025843146523000682
-0.05327710331728608
-0.055814431715893065
-0.058371156316515904
-0.06176388684597933
-0.06536852761150524
-0.06907347774886019
-0.07276028566121995
-0.0763401462506641
-0.07957080072799916
-0.08249755838736617
-0.08450656548442459
-0.08417947484466537
-0.08183946477502069
-0.07704136082372748
-0.06936464433832201
-0.05866124731064759
-0.045722960740220975
-0.03174605717606793
-0.01569133453147531
-0.025811355842922934
-0.04566205221400477
-0.050750769116042704
-0.05639455068068844
-0.062276335597442056
-0.06837443993782633
-0.07488356075231262
-0.0817826094030294
-0.08778424042191313
-0.09271735369731804
-0.0970504123507725
-0.09931438027530826
-0.0989031111269405
-0.09582579394202728
-0.08943202070541423
-0.07925696303550578
-0.06500519486524148
-0.047708199144294694
-0.02939631431446088
-0.009767958498062335
-0.020893940863038418
-0.03877274329103808
-0.04909329928013939
-0.05927238807283963
-0.06971923573484817
-0.08058676807940657
-0.09069099330502328
-0.0999720883692663
-0.10850326559066192
-0.11575249714885683
-0.12113336197333235
-0.12375927872655534
-0.12322563870136594
-0.11888992647483687
-0.10981354250102093
-0.09532392589440963
-0.07495757521168978
-0.049987452239088626
-0.023707130976591495
0.0019439984208116101
-0.0064659240616762315
-0.026469107394635483
-0.0469791219014406
-0.0651862824897258
-0.08238713528919606
-0.09826340487847696
-0.11267441724400751
-0.1252197177247243
-0.1356245861131431
-0.1441669882479213
-0.15035294928698195
-0.1535786802517003
-0.1530132805604585
-0.14729013349441833
-0.1349210170048869
-0.11486457356300717
-0.08666589672907588
-0.051731965433261085
-0.014465179551115037
0.018740563604890403
0.022072875750863696
-0.00922481912230988
-0.04724446401807714
-0.0766188311018341
-0.1015085050307658
-0.12267365757514148
-0.14017311311451053
-0.1543069129282859
-0.16582694599923498
-0.17485860076708715
-0.18156244275486788
-0.1855591693158214
-0.18506150051538506
-0.17800624364295503
-0.1619811112036733
-0.13563053573720874
-0.09869557833903153
-0.05253018935259779
-0.0022578089974840676
0.03923631782321957
0.07281045104825701
0.0081314101426333
-0.05453310493268759
-0.09691967276302438
-0.12880211064268798
-0.15260228692471278
-0.17089907943626148
-0.1852003719137567
-0.1962422803787658
-0.2049616895345754
-0.2119625898758939
-0.2167668127771889
-0.21699824769013
-0.20903132403762603
-0.18908923185099114
-0.15586460458998008
-0.10990878725370923
-0.05242511110814574
0.011790004424620304
0.061630162259929344
0.16191663584953497
0.014753818651903283
-0.07788609825712212
-0.12956273771222326
-0.16332297429904719
-0.1861411700374147
-0.20260831097527143
-0.21518713046952387
-0.22482721028641173
-0.23254383911871312
-0.23962370213842954
-0.24570428320354898
-0.24739260291975884
-0.23920494569160167
-0.21504845926600025
-0.1744297770144183
-0.11966412078233413
-0.05156513760904158
0.026473192527154965
0.08411477913262377
0.3084735314443372
-0.042483961997654474
-0.1311091168027334
-0.17545102785875577
-0.20274488524154877
-0.22083525344502597
-0.23299081885994433
-0.24253620472341697
-0.2501086337199647
-0.25694713422030246
-0.26391353276664664
-0.27161040752950316
-0.27565637097631646
-0.267854221198222
-0.23902095717101934
-0.19052037451391834
-0.12737752554749493
-0.049755029545236695
0.04055714859710202
0.10470065946531726
0.3162199966625815
0.20211907815893737
0.10543542294390174
0.05625339423875442
0.02581570534642741
0.003247089928584468
-0.021854603197369427
-0.07068955682293931
0.20501991873134762
0.1707405280613158
0.09857274806991456
0.0540123090763468
0.024937724874858458
0.0028643128887125835
-0.022022031902671158
-0.07078930487374246
0.11838846653966562
0.12213620860053243
0.08307775659408345
0.04831430666410341
0.022625876099285347
0.0018797596372486236
-0.022483840413775047
-0.07103171371929551
0.05772693226221248
0.07311935047804308
0.059718115636162916
0.03830970184165794
0.018226852573972607
-8.198768091238762e-05
-0.023378176857159705
-0.07150453228670983
0.01777936098983357
0.03318396393478806
0.033780790752984347
0.024453727927033042
0.011455308530939456
-0.003304523589944486
-0.02488434470474976
-0.072295935600728
-0.005026437945646833
0.005353455445925359
0.010457659740191971
0.009311948698845662
0.0029547297558784047
-0.0077285320396718316
-0.027053347312562703
-0.07346032943796277
-0.016497874829459525
-0.011194584928786222
-0.005799293698831809
-0.0034790344073760693
-0.005535806712142932
-0.012629002440412096
-0.029615208979981045
-0.07489997380370639
-0.02003999099510434
-0.018140598950079356
-0.013699133159370325
-0.011068984881844601
-0.01133715032090965
-0.016262961061342507
-0.03164302014784948
-0.07621639196498387
-0.02003975713343631
-0.018140457405626975
-0.013699160029319035
-0.011069116491231323
-0.011337417568305419
-0.016263263307308984
-0.03164302060324031
-0.07621312626030541
-0.016497742750197775
-0.011194240909746744
-0.005799338254051989
-0.003479138694659767
-0.005536229158592754
-0.012629459897009587
-0.029614654307765997
-0.0748920543831677
-0.005028108690886324
0.0053533749314570445
0.01045746800994829
0.00931172856636453
0.002954249716769608
-0.007728935314112562
-0.02705226990770493
-0.07345200483558645
0.017777692505680287
0.03318412191931941
0.03378086380277068
0.024453615510307225
0.01145504413753462
-0.003304702283564609
-0.024883052624528057
-0.07228889214635603
0.05772892260647555
0.07311995683139605
0.05971829095920145
0.038309616781917244
0.018226672145860934
-8.207864495002326e-05
-0.02337704236840299
-0.07149940484631467
0.11838953573879418
0.12213668434733393
0.08307785293510994
0.04831423822748415
0.02262576594161203
0.0018797102897490925
-0.022483029555470102
-0.07102841324623665
0.20502087027817784
0.1707408559632666
0.0985728077294643
0.05401227534129116
0.02493765970562556
0.0028642895441461924
-0.022021570097160215
-0.0707875307637933
0.3162201994053053
0.20211916779958727
0.10543545050916325
0.056253386638530745
0.025815684159695818
0.0032470842182009685
-0.021854458511360475
-0.07068901231146985
-1.5457423398760648
-0.014074521824111397
-3.125172978818811
-0.020137321787324858
0.07777483796924967
0.06724524004951637
0.11686576851465746
0.1201742945175921
0.11670375657420273
0.1127186729498274
0.11002095705001769
0.10639915776289166
0.09661956075151745
0.060057031702639097
0.07777169828675468
0.07804105294200159
0.07338516371701831
0.06912704509253298
0.06687719316132534
0.06468387560220379
0.056337072378711106
-0.019041767389060604
-0.02189086400481055
-0.029387960380763634
-0.036839901322354374
-0.041762745378826294
-0.042952209661701435
-0.04152340451569492
-0.04457286279323647
-0.08475614796874509
-0.10916256640079292
-0.1252763390691891
-0.1355452074825756
-0.1410248581766822
-0.1410150838799651
-0.13569698005327346
-0.1302792916178146
-0.1411357070099788
-0.1843278146277123
-0.20834943017762786
-0.22114178922502004
-0.2270356841899024
-0.22594411760801814
-0.21688966436290502
-0.20199163889677196
-0.1886006625596186
-0.24600636223775196
-0.2763819825725393
-0.29118021866603483
-0.2975302960487154
-0.29578903982398774
-0.28316997092338014
-0.2594854053059761
-0.21893385219272932
-0.2843758680488717
-0.3188674472873321
-0.334922521426422
-0.34155356350622945
-0.3393775810811104
-0.3246569687990657
-0.2948091920235334
-0.22606635452411794
-0.29378838041706823
-0.329931760537318
-0.3464085448665588
-0.3530257984252747
-0.35063944715342243
-0.3354766490033705
-0.30306653035885245
-0.22071145634984046
-0.2870939751006205
-0.32296787810894223
-0.3392517936657795
-0.3458160103924348
-0.34361385358526997
-0.3291807192936256
-0.2967677912883153
-0.21343681183915209
-0.27673284366279516
-0.31106112500253436
-0.326789527436669
-0.3333148403694104
-0.33150453158478754
-0.3182303490652376
-0.2873378354000593
-0.2081685282084509
-0.26753816369547434
-0.29947396368400625
-0.3144417369564283
-0.32103891862699285
-0.31989572578778747
-0.30773760709104514
-0.2798150628640361
-0.2033747735210576
-0.25798629610892077
-0.2868761072658048
-0.30093406906989495
-0.3074684588168457
-0.3069852330473577
-0.2962603978443963
-0.27297588134253536
-0.19851051603632874
-0.24740825072016714
-0.27280855585697483
-0.2858665961305835
-0.29216076684961956
-0.2921457056835197
-0.2829455969101642
-0.265466738619351
-0.19331282872313915
-0.23516835492606103
-0.25681954248115013
-0.26883707536113177
-0.2750289972786366
-0.27545717245089363
-0.2682227763021039
-0.2567807167963554
-0.1878121002329618
-0.2209796791936003
-0.2387932158414512
-0.24976373230669702
-0.2558607674487716
-0.25675082006694083
-0.25149047198586727
-0.24708974481587243
-0.17785951876272188
-0.20022090083889177
-0.2141982860139564
-0.22408803950351053
-0.23004673257274955
-0.23162718993886378
-0.22794675961241184
-0.23142905470243025
-0.16747567728416946
-0.17546914485393872
-0.185727809531133
-0.1945398998735568
-0.20033817436691592
-0.2029121915184542
-0.20020407423292252
-0.21178444991563783
-0.14855898476203921
-0.13869092884461676
-0.1454032359929076
-0.15313505115038661
-0.15872274173746193
-0.1620334797199603
-0.16054750172941978
-0.18033495562281154
-0.18441278616272672
-0.14949361155046348
-0.15341266234785333
-0.16052739970518015
-0.166131126760382
-0.16982867883201558
-0.16979569002967443
-0.2020278724002056
0.11975336143122761
0.3344178135498629
0.3331397960990372
0.3290582769464966
0.325670166528251
0.32334231791037615
0.32294726481218317
0.22697961901987573
0.06724538813697001
0.11686584049730653
0.12017443138242445
0.11670396096841784
0.11271901621604463
0.11002178009553043
0.10640057634959255
0.09662078079209124
0.06005729831382456
0.07804141373865703
0.07338523964919952
0.06912716732147295
0.06688205521322932
0.06468552487467782
0.05633844882764816
-0.019041696868865587
-0.02189064936122076
-0.029387705226123106
-0.0368396187789255
-0.041762897445740244
-0.04294603835457944
-0.04152106778050113
-0.04457109511363022
-0.08475657404179593
-0.10916335212766937
-0.12527657485471377
-0.13554454311259478
-0.14102484335362253
-0.14101386951732509
-0.1356885467248743
-0.13027070159402565
-0.14113579184192715
-0.1843276164977281
-0.20834941146763186
-0.22114228051994433
-0.22703645528432492
-0.22594427326085964
-0.21688830556038385
-0.2019900544988391
-0.188600520766403
-0.24600619640453192
-0.27638260431414774
-0.29118127631997637
-0.29753442011238107
-0.29579245825057066
-0.283178134572067
-0.25949502164970584
-0.21893380082314962
-0.2843765355549357
-0.318867596298928
-0.33492232317400283
-0.3415498381248645
-0.33938125452801815
-0.3246571422139646
-0.2948094892283355
-0.22606604270949116
-0.29378882223591796
-0.32993141544450566
-0.3464068820436801
-0.3530160505575797
-0.3506415118252757
-0.3354780047119168
-0.3030668764233906
-0.22071094222755416
-0.2870924500967329
-0.3229673448305146
-0.33925162476060144
-0.34581497082777646
-0.3436153759182927
-0.32918232089209587
-0.29676915970815654
-0.21343754491406974
-0.2767327317672379
-0.3110611404388153
-0.32679111502389135
-0.333313823990687
-0.3315046778833821
-0.31823138771004333
-0.28733914902020863
-0.20816908104100662
-0.2675378268947668
-0.2994730283571563
-0.3144409216843751
-0.3210409432356356
-0.31989542287796024
-0.30773717760679564
-0.2798157312810572
-0.20337435526442027
-0.2579857760048405
-0.2868753675109914
-0.3009332236690072
-0.3074763558220701
-0.30698631793707687
-0.29626151142738744
-0.2729766895239438
-0.19850981678157886
-0.2474095082435952
-0.2728097920587831
-0.28586762796663434
-0.2921648969244348
-0.29214611935216217
-0.28294593764299214
-0.26546570362032584
-0.19331336672016897
-0.2351695677316199
-0.25682109368569517
-0.26883865372330895
-0.2750311429159107
-0.2754567132398813
-0.26822410511072015
-0.25678292630275856
-0.18781188440900953
-0.22097832516053262
-0.23879309020121964
-0.24976424971117495
-0.25586183080529423
-0.25675048070422646
-0.2514926888884559
-0.24709345852227838
-0.1778589048201651
-0.20022089509065744
-0.21419680420787368
-0.22408590110586957
-0.2300453918343237
-0.23162591254992693
-0.22794501886271856
-0.23142841086593013
-0.16747683184715711
-0.175470265795296
-0.1857284422441532
-0.1945403904203904
-0.20033912749465954
-0.2029129718322964
-0.2002039488838936
-0.2117832088359619
-0.14855960844565108
-0.13869196745668577
-0.14540473554594202
-0.15313563978434042
-0.15872367755497097
-0.16203329763922247
-0.16054516264570662
-0.18033327755938222
-0.1844120952221029
-0.1494922506765748
-0.15341200500509777
-0.16052771348015726
-0.16612930987389052
-0.16982794868006246
-0.16979684958837282
-0.20202772135058078
0.11975389597016284
0.3344179101506477
0.33314045749629884
0.3290586238728581
0.32567208813516335
0.3233436931244058
0.3229455144225236
0.226976557637811
0.07777216076154747
-0.13491289095298842
-0.13500073020110426
-0.1351670005479657
-0.1354559158773816
-0.1359271833048341
-0.1366298769956591
-0.13755533232592176
-0.1386723127827214
-0.1387031680168911
-0.13878983320607463
-0.13893250085885667
-0.1391651170503121
-0.13953491827372644
-0.14009260688618452
-0.14088416617612842
-0.1420270416521241
-0.04562007030355408
-0.045694493562334904
-0.045825375733251406
-0.04604949836796979
-0.046413272547191964
-0.04697701032314705
-0.04780243198925693
-0.048911760983350705
0.10239854999987152
0.10233433291827954
0.10220467322160642
0.1019716000783395
0.10157954573355754
0.10096040764867342
0.10005005980485626
0.09893682101204382
-0.1387815807844981
-0.13758684422475054
-0.13664485276004545
-0.13593630734955497
-0.13546176573141255
-0.1351705461981163
-0.13500258100620588
-0.13491336483911898
-0.1418823324656162
-0.14087686535119825
-0.14010194097521422
-0.13954659941954128
-0.1391748911736599
-0.13893919327576354
-0.13879353683582063
-0.13870448941782265
-0.04898501930697763
-0.04776017204096927
-0.046952562432296396
-0.046397037869605695
-0.046038779493454474
-0.04581867797180528
-0.04569094066723167
-0.04561869668797569
0.09892051910608568
0.10003740099999647
0.10096447550114473
0.10158674296752612
0.10197806857318159
0.10220922034460356
0.10233690330247314
0.10239932969038879
-0.14584415229720804
-0.1449223678972935
-0.14425397265270323
-0.143766039945167
-0.14343876677356815
-0.14323328859214057
-0.14310536958411513
-0.14302887609263992
-0.14306724177550056
-0.14202402836088468
-0.1413700046277202
-0.14092508438366624
-0.14063250217388434
-0.14044470850006552
-0.14032389266243617
-0.14024607647401122
-0.04963917418239072
-0.04856101642977517
-0.04781314224849509
-0.04732064103152034
-0.04701322712199185
-0.04683381704717782
-0.04674246554271333
-0.04669428102891371
0.09855037250262577
0.09954351096396608
0.10040111551077469
0.10097278121631459
0.10132190276929853
0.10151317689207773
0.1015975790602277
0.10165852239929407
0.23272124672103967
0.2340067735873521
0.23506302014049818
0.23577653941459575
0.23622395850350775
0.23648812974273026
0.2366325170729351
0.23670285815489134
0.23271828383627002
0.23399456864526813
0.2350498263367704
0.235765627234504
0.23621593137949226
0.2364829013318941
0.23662967930142953
0.23670197948413385
0.2323241381779555
0.23366820093356244
0.23467885205331818
0.23535669591359343
0.23577368369911944
0.23600892178329202
0.23612439782494432
0.23623867527522058
-0.025848405640120475
-0.05327729136244752
-0.0557991735059018
-0.05836548132363539
-0.06176634552212401
-0.06536485842506368
-0.06907622299644256
-0.07275922030431325
-0.07634151584077076
-0.07957152508922571
-0.08249570862078559
-0.08450743284120077
-0.08417775882677336
-0.08183946137422082
-0.07704016278978831
-0.06936141716547839
-0.058660850538929
-0.04572183435653199
-0.03174566690500069
-0.015692003608567928
-0.025817402782846832
-0.04565465770783539
-0.05073429678425101
-0.05640362132030852
-0.062274164306551416
-0.06836507052225627
-0.0748897403806561
-0.08178298409112128
-0.08777891659211123
-0.09271456849882154
-0.09705642986449847
-0.09931585916385721
-0.09890028835303855
-0.09582429973941653
-0.08943214206607486
-0.07925159092064038
-0.06499962423090433
-0.04770734070996041
-0.029397113480452708
-0.009769955397831875
-0.020894588676272363
-0.03875939310130705
-0.04910215683328323
-0.05929577034707956
-0.06970040604504102
-0.08058495974139857
-0.09069396034061827
-0.0999717078148199
-0.10849956453512433
-0.11574339854465787
-0.12113510340745637
-0.12376386963098707
-0.12322732826324789
-0.1188865578854561
-0.10981360707624033
-0.09531699369420177
-0.07494905078988734
-0.04998436485469604
-0.02371203728298754
0.0019408782630867538
-0.006458003033929849
-0.02647882415617131
-0.04698441882514581
-0.06517862590110601
-0.08238665359931763
-0.09826832101127114
-0.112674150006014
-0.12522737842439113
-0.13562236428213859
-0.14415920620015554
-0.15034605885576147
-0.15358459473666075
-0.1530184059856705
-0.1472857976490869
-0.13492125414146172
-0.11485608680501835
-0.0866554228013856
-0.051726391590821486
-0.014473455579737893
0.018736870125313332
0.022072591526867025
-0.009232517813004826
-0.04725037460134218
-0.07660438813139225
-0.1015050566901794
-0.1226696317703353
-0.14017134980058188
-0.15432246830539342
-0.16582521223282498
-0.174852228164037
-0.1815610378585304
-0.1855601635722013
-0.185063769712152
-0.1780035270957434
-0.1619823507902649
-0.13562104910004757
-0.09868189467250676
-0.05252673057648849
-0.0022658458178772545
0.03923271434838793
0.07280522775780085
0.008141793426212907
-0.05452775474680749
-0.09692539293373836
-0.12879950533507212
-0.1525908532781468
-0.17089790717007003
-0.1852083290416151
-0.19624699046017335
-0.2049575558321619
-0.21196182035099498
-0.21677007110924085
-0.21699608462771236
-0.20902882993012906
-0.1890908307898702
-0.15585373817599368
-0.10989358686911599
-0.05242317162323107
0.011781967314388742
0.06162658935821563
0.16190334042124355
0.014756452218445681
-0.07786726813422273
-0.12955875663539862
-0.16332485146333653
-0.18613729875902862
-0.20260856232094682
-0.2151815468399283
-0.22483223974333955
-0.23254964332357786
-0.23962172663950154
-0.24570697016359455
-0.2473884507977797
-0.23920281638704788
-0.21505059173860852
-0.17441661436770173
-0.11964971028115112
-0.051563793381471434
0.02646441470288019
0.0841106773859932
0.3084736190767021
-0.0425131962397729
-0.13110025513055823
-0.17545146688378943
-0.2027419262824499
-0.2208365513790358
-0.232989514257262
-0.24252639238112694
-0.25011150830143025
-0.25695752130138594
-0.26391493671123833
-0.27160853653850725
-0.27565254790586624
-0.2678545091879252
-0.23902278389919362
-0.19050565545754372
-0.12736331791659894
-0.049754577579355086
0.04054752120337246
0.08471921129711657
-0.02584317983635165
-0.05327747535869776
-0.05581427188892163
-0.058371063600280104
-0.061763016749470045
-0.065367770620131
-0.06907331412804929
-0.07275976761758862
-0.07634005016123302
-0.07957086488649034
-0.0824977944487304
-0.08450687799501266
-0.08417949526515978
-0.08183953118943821
-0.07704370112345682
-0.0693614376858569
-0.05865689329642576
-0.04572280218146951
-0.03174696068246341
-0.015691632162163405
-0.025809304570881153
-0.04566302939009925
-0.050750452543063096
-0.056397435195883805
-0.06227611491127982
-0.06837494719261428
-0.07488411199594269
-0.08178037900399504
-0.08778311675923134
-0.09271473646666983
-0.09705148801723729
-0.09931596773264095
-0.0989033159075332
-0.09582651773798112
-0.08943910990103077
-0.07924815171006205
-0.06499236377139006
-0.04770821190054653
-0.02939900809163709
-0.009768644665690385
-0.02089111928572973
-0.03876793243069443
-0.04910532494604136
-0.05928086782703135
-0.06971003024235811
-0.08059002165396767
-0.09069151726360891
-0.099969151153813
-0.10850080712282462
-0.11574714368139971
-0.12113377511381884
-0.12376305661146625
-0.12322696439635261
-0.11889144623707537
-0.10982285332414099
-0.095311467983487
-0.07493987479307629
-0.049986359955519255
-0.023712183589964075
0.0019428470822968613
-0.006458922903833875
-0.026476942265176273
-0.04698419429937273
-0.0651789506084981
-0.08238962395756877
-0.09826701852300879
-0.11267504913774062
-0.12522385765804822
-0.13561795283220746
-0.14416330962462776
-0.15035313662513694
-0.15358253723328774
-0.15301748658221404
-0.1472907379012962
-0.13492264521204533
-0.11485088157107248
-0.0866515881725669
-0.051729439845499936
-0.014471855401233968
0.01873874412586285
0.02207650122713567
-0.00923349668022988
-0.04725135432878691
-0.07660934437324807
-0.1015061551760279
-0.12267028028779459
-0.14016944945784293
-0.1543169707798404
-0.16582614552319352
-0.17485402403813244
-0.18156446303850315
-0.18556175209312364
-0.18506470511040995
-0.17800598445605442
-0.1619849067346344
-0.13561690368059764
-0.09867769217228961
-0.05252800282537251
-0.00226385442427679
0.03923388578494258
0.07280549638650036
0.008142367537729123
-0.05452778660651836
-0.09692584204804144
-0.12880133826235585
-0.15259278988925296
-0.1708952548725804
-0.1852052712541159
-0.1962496391182602
-0.20495843995675633
-0.2119628463786971
-0.21677274104593436
-0.21699703660060687
-0.20902978778077186
-0.18909630699161895
-0.15585108248864366
-0.10988773539979779
-0.052422647807366385
0.011783636003418807
0.061626908991997076
0.1619035329501911
0.014756475527981094
-0.07786655773701456
-0.12955861885032238
-0.16332587686208289
-0.18613850222123252
-0.20260800216708885
-0.21518102758605062
-0.22483326481791654
-0.23255032817897514
-0.2396231432454563
-0.24570880950530682
-0.2473890481266574
-0.2392035297045918
-0.21503813853850917
-0.17441572645211956
-0.11965728226650141
-0.05156244321158532
0.026465854215256046
0.08411058881037181
0.30847279167547004
-0.0425117995889055
-0.13109854437984114
-0.1754499041595825
-0.20274229148724876
-0.22083938952295856
-0.2329899368934829
-0.24252591435889603
-0.2501123810449595
-0.25695831079243425
-0.2639162214236366
-0.2716101961693771
-0.27565301334222303
-0.26785491232485525
-0.2390124746169604
-0.1905045561622618
-0.1273693780754972
-0.04975295145655534
0.0405489424604778
0.08472059005362165
0.3162304222105863
0.2021187472788345
0.10543499575016502
0.05625285464023577
0.025814961780558865
0.00324578273860765
-0.02185658522095424
-0.07068421522052692
0.20501882995027432
0.1707412909076068
0.09857245404628967
0.054011802868423664
0.024937002529340724
0.0028630511823769522
-0.022023604943815167
-0.07078295193047501
0.11838882028977415
0.12213650389838282
0.08307700686271058
0.04831360442879851
0.022625111104212503
0.00187855147548055
-0.022484884830523022
-0.07102444733303326
0.057728945759131234
0.07311984059631815
0.05971762548084836
0.03830904022121984
0.018226100507349074
-8.303662133801737e-05
-0.02337855641110198
-0.07149633394601262
0.017781840928820736
0.03318426930629481
0.033780408963493436
0.024453205765229802
0.011454629207022893
-0.0033053329654777475
-0.024884008627579224
-0.07228738809953872
-0.005025150258767708
0.005353691580864184
0.010457350765299633
0.009311573587365451
0.0029542399551441
-0.00772901560157524
-0.027052430961326257
-0.07345274409829128
-0.016496930151917333
-0.011194584864055113
-0.005799576953494645
-0.0034793285033940524
-0.005536108639182524
-0.012629189813976316
-0.02961416440789444
-0.07489454688097874
-0.02004001883923423
-0.01814081642825771
-0.013699422715718335
-0.011069121629868173
-0.011337228627600782
-0.016262987911576543
-0.03164253299726538
-0.07621435337348403
-0.020039695002933344
-0.018140532204868887
-0.01369925334115396
-0.011068998151053888
-0.01133720803736793
-0.01626304450191607
-0.031642894579368974
-0.07621757945056729
-0.0164966067036747
-0.011193901351132407
-0.005799150655280583
-0.0034788254265891716
-0.005535869606576371
-0.01262915891551164
-0.02961500016661578
-0.07490214253111849
-0.005026579837538847
0.0053539178588772884
0.010457621679919371
0.009311977502526658
0.002954456434804187
-0.0077290251651240816
-0.027053717317949477
-0.07346070707089036
0.017780115705746335
0.033184371236132715
0.033780709077251614
0.024453571488518788
0.01145489848726211
-0.003305320069872275
-0.0248854404053076
-0.07229417596059706
0.057730254735586795
0.07311960256102557
0.059717851204189376
0.03830937143079649
0.018226280324477817
-8.306165455107539e-05
-0.023379850781962253
-0.07150137813520052
0.11838832167583369
0.12213609744905185
0.08307718698149968
0.048313846056085574
0.022625223083012402
0.0018785143184671949
-0.022485835201243143
-0.07102778134560572
0.2050186517607634
0.17074112984891998
0.09857248821739584
0.0540118917226885
0.024937054836424166
0.002863024581894247
-0.022024139024816147
-0.07078478920737208
0.31622991518600585
0.20211865531384632
0.1054350042293376
0.056252880006495753
0.025814975851173427
0.00324577480432664
-0.021856752672160695
-0.07068478745841822
-0.1348822641490317
-0.13497126851429941
-0.1351396215060472
-0.13543160563296452
-0.1359068949836486
-0.13661440427013027
-0.1375453276502565
-0.1386687857281006
-0.13869043339513
-0.13877952914034086
-0.13892448482552577
-0.1391597470835737
-0.13953165483451202
-0.14009102843434929
-0.1408839270393747
-0.1420271355857481
-0.04567351928006458
-0.04574221440582349
-0.04587069411416178
-0.046090362875247815
-0.0464488369814644
-0.04700526016248374
-0.047820679433692614
-0.048918273548127944
0.10237627154177698
0.10230648108379414
0.10217897553965938
0.10194821209637583
0.10155958570875856
0.10094425652370731
0.10003909109000453
0.09893296017798503
-0.13855875232283865
-0.13751427006779204
-0.1366001011037703
-0.13589817090259926
-0.1354260464629633
-0.13513625713017796
-0.13496956059013399
-0.13488167695788045
-0.14217680671315303
-0.1408946879714168
-0.14008427816064617
-0.13952199191285608
-0.13915149696952311
-0.1389188634460885
-0.13877664906810994
-0.13868982110122396
-0.04884038260458512
-0.0478595008408913
-0.047025595371464
-0.04646158496470032
-0.046098479635062084
-0.04587538875806052
-0.045744324441819195
-0.04566792442578138
0.09896205339809283
0.10006240706200853
0.10094861720287274
0.10155921233467913
0.10194692222076718
0.10217810010951078
0.10230626568247159
0.10236299772257329
0.23272381682844756
0.23401491313877898
0.23507674138860812
0.23579521300147221
0.23624705340083207
0.23651468557305677
0.23666247244570227
0.23672234695173466
0.23274001530865174
0.23403784831647245
0.23509703129957504
0.23581054977188298
0.2362579419408224
0.2365218286579993
0.23666572420294596
0.2367487155333441
-0.032761296968313314
-0.046483735330909104
-0.05679095439743853
-0.06465424417304622
-0.07080500002139378
-0.07566009699197607
-0.07949051635896165
-0.08248911073793952
-0.0847618304604616
-0.08634579382713947
-0.08716380617351649
-0.08691325756875568
-0.08496705204217836
-0.08031534553769815
-0.07162725634063749
-0.057250260471524594
-0.03567399834122886
-0.019673636608372513
-1.6879831345781109
-0.8804894038214803
-0.5426532095056549
-0.3719776250318756
-0.2706345192880373
-0.20652024970078098
-0.16374367959738279
-0.13419600828987988
-0.11372669301555716
-0.09988945533680593
-0.09156662285371953
-0.08900153520993559
-0.09476778052344348
-0.11256591713100117
-0.1444300877654645
-0.20102692779519638
-0.31995960835071235
-0.6858370966763885
-1.5331547059655657
-0.014123572158449837
-3.1001528711889472
-0.02012617267969774
-0.032766824081287504
-0.046486055641921986
-0.0567905094162251
-0.06465357399447536
-0.07080509678284685
-0.07566055209182254
-0.07949105714676286
-0.08248968236598686
-0.08476233555564261
-0.08634645131186613
-0.08716431169060068
-0.08691100004424213
-0.08496478831400411
-0.08031253956054041
-0.07162963540398315
-0.05725305963450911
-0.03567412830188954
-0.019698518621646066
-1.7118768902416486
-0.8958115016259027
-0.5459631870110453
-0.3719728113136085
-0.2706315973238622
-0.20651860283539603
-0.16374264511144032
-0.1341954153653544
-0.1137265496904647
-0.099889606638357
-0.0915718510425243
-0.08900279849710535
-0.0946268738248619
-0.11201862080795766
-0.14446519730476037
-0.2010443441471026
-0.31832566136259666
-0.6789171168651396
-1.5409775274947655
-0.014146625983330718
-3.1126230371835524
-0.020142525817881785
-0.0327578797420256
-0.04648095552461129
-0.05678919294133222
-0.06465329749239923
-0.07080509994562556
-0.07566060414833053
-0.07949102786495832
-0.08248965618986026
-0.08476234975900288
-0.08634612530310082
-0.08716390126059159
-0.08691331701482241
-0.08496738689566219
-0.08031607451259148
-0.07162790979082545
-0.057251903455247666
-0.035677499149573855
-0.019702050434715623
-1.66604584728878
-0.8638243292717998
-0.5394230157645463
-0.3719998317470965
-0.2706313716135511
-0.2065186504683605
-0.16374250241703137
-0.13419538332728886
-0.11372674898837243
-0.09988964398408218
-0.09156667790835904
-0.08900195737154659
-0.0947695532170032
-0.1125702240553319
-0.14443804729261234
-0.20105366235680844
-0.32004228954281744
-0.6862885185180037
-1.5409854452446803
-0.014145337402207803
-3.112616877197233
-0.020109345528648737
-0.00935170409335817
-0.009851978755651025
-0.0170311981023068
-0.033950848152437985
-0.08198066563370676
-0.00318804394471095
-0.005292022638246019
-0.014635440709531489
-0.03266546900486622
-0.08106155724980879
0.007298855494060286
0.0014000091630093081
-0.011514847658559146
-0.031098313797709443
-0.08014195355736997
0.02027733934255882
0.00824140891457259
-0.008764867066591853
-0.029796212803429256
-0.07942178442161052
0.03390240637261399
0.013888061170305832
-0.006818350150017638
-0.02891222940048732
-0.0789331434285454
0.046599093888022636
0.01774404723550349
-0.005639713797884083
-0.028388279092917745
-0.07864720302357586
0.05732755356575192
0.01987577117008621
-0.005045326816694784
-0.028129983217614285
-0.07849317577152903
0.036296222353572105
0.020704432302189102
-0.0048258163930787745
-0.028032289892927276
-0.07842245237717949
-0.14584302931830728
-0.14491926737033745
-0.14425026749906955
-0.1437630630952873
-0.1434366240798226
-0.1432319236680606
-0.14310460887836118
-0.14302873687259043
-0.14308287721835788
-0.1420422851464751
-0.14138935967723354
-0.14094227121706804
-0.14064564784809197
-0.14045342205518185
-0.1403285338946021
-0.14024729307031336
-0.049546298764510555
-0.04855218344825163
-0.04781805252460325
-0.04732973714897759
-0.047022103585882435
-0.04684063933916671
-0.046746756210914064
-0.04670033887853542
0.09839350558157
0.09955399703071066
0.10041425835132345
0.10098389223071902
0.10132971304216098
0.10151743081030062
0.1015979125541061
0.10165683553175864
0.23244324531144145
0.23362216650535572
0.2346696899370666
0.23536077314435244
0.2357807893384557
0.2360138923715116
0.23612435118834973
0.236211681878439
-0.009351637662425194
-0.00985202393857798
-0.017031276262972295
-0.03395078488155767
-0.08195503288710948
-0.0031873799447319495
-0.005291910053156101
-0.014635343187660688
-0.032665359382195946
-0.08105261596416424
0.007299606933595659
0.001400142028301521
-0.011514752527575611
-0.03109805493004636
-0.08013663577249841
0.020278232502674576
0.008241578654231252
-0.008764791644067627
-0.029795745784087613
-0.0794171309301197
0.033902994927486385
0.013888208969330629
-0.006818302919971986
-0.028911606984981963
-0.07892906696273005
0.04659934826652534
0.017744169873114335
-0.005639671573679728
-0.028387518198996098
-0.07864357957055934
0.0573281998374362
0.01987594006499893
-0.0050452603856037115
-0.028129099180662864
-0.0784895755816819
0.03629646730341707
0.0207045793374957
-0.004825742766464192
-0.02803134978987476
-0.07841881051842226
-0.1458672091793023
-0.1449255160381373
-0.1442524605575881
-0.143763956797462
-0.1434367162247958
-0.14323134772224377
-0.14310358882323704
-0.14302750202202286
-0.14307492220828766
-0.14205359827115105
-0.14139712378944513
-0.1409491149443809
-0.14065211977883396
-0.14045926716715473
-0.14033407997265157
-0.14025208321479488
-0.04954413445440342
-0.04854637641757509
-0.04781557823344196
-0.047328045103798955
-0.04702069452940982
-0.046839911131148826
-0.04674569897463865
-0.04669590853619443
0.098408686672245
0.09955828796009758
0.10041797048202306
0.10098682598589204
0.10133131900055858
0.10151840224546915
0.10159858763626561
0.10165645320631
0.2324594713410083
0.23362682511463018
0.23466945636050596
0.23535767277600883
0.23577650194453892
0.23600937734885408
0.23612147841305886
0.23623219980327426
-0.009351821143485983
-0.009852122511562422
-0.01703136759545365
-0.033950974282186186
-0.08195561656818406
-0.00318840141733423
-0.005292436121497879
-0.014636120193713742
-0.032666652523377415
-0.0810550208432157
0.007298905183517612
0.0013994519269729944
-0.01151591217437753
-0.031100043779236808
-0.08014010964155482
0.020277948825126457
0.008240846731535578
-0.008765959664303713
-0.02979771706673251
-0.07942044273349791
0.03390277020753574
0.013887638102135003
-0.006819224892034237
-0.028913164377375233
-0.07893163737054576
0.04659935506516921
0.017743794117619727
-0.005640291035279299
-0.02838856520564037
-0.07864527876761485
0.0573283866019727
0.019875747155442602
-0.005045600134932382
-0.028129673465473903
-0.07849049415892595
0.0362964515777795
0.020704526982875948
-0.004825844551432645
-0.028031524871585445
-0.07841908987688861
-0.14586793304206735
-0.14492760889343015
-0.14425525958974572
-0.14376639586259343
-0.14343844685238327
-0.1432324490325203
-0.1431041412784977
-0.14302770775999218
-0.1430556497363007
-0.14203197797264444
-0.14137516476741574
-0.14092991032695767
-0.14063750976787648
-0.1404495384301403
-0.1403286566021411
-0.14025026187613876
-0.04964053723589501
-0.04855922283602854
-0.04781494446527512
-0.047322486410600106
-0.04701447470775322
-0.04683524345358747
-0.04674329615849948
-0.046699715966933786
0.09855248464839994
0.0995365081726084
0.10039555748084272
0.10096783797105524
0.10131691819924693
0.10150822017321137
0.10159114907333011
0.10165226929253113
0.2323105584924967
0.2336611581210687
0.23466996689524466
0.23534710880767984
0.23576362743895263
0.23599791342240106
0.23611157817811668
0.2362019418205834
