-23.54111061777959
-29.411762293202525
-33.42866447640487
-35.86549833600424
-37.085660126601226
-37.061633106792016
-35.66908891344573
-33.64929829987104
-27.741803016798784
-34.83149718163065
-39.00382375654649
-41.259606810857164
-42.27419414270498
-42.110808505125085
-40.53280014016605
-38.02152350583363
-27.538221981002128
-34.82881499374933
-38.82070493079209
-40.79829281231954
-41.60571414874828
-41.365212032359544
-39.76484577803409
-36.97308497425619
-24.524524868131067
-31.1637669941171
-34.656307098617475
-36.27764337818063
-36.87738127901995
-36.61322461363288
-35.151026120833045
-32.41062535025463
-19.699573251900073
-25.099839264941064
-27.859555062032037
-29.07298209627161
-29.475657776984296
-29.234138441561033
-28.01646518968418
-25.64033442401222
-13.750042091465087
-17.55064489709196
-19.43719738726437
-20.217753580215145
-20.432250428648832
-20.237545070111267
-19.358349659391287
-17.604761677819376
-7.214665061643252
-9.255911290520658
-10.21261245451377
-10.558724535905691
-10.590749669749522
-10.447998198189948
-9.963966096096518
-8.985383693182577
-0.9161416591560031
-1.2162353248254798
-1.259147222179631
-1.1906208209271971
-1.05656628041039
-0.9739202851598859
-0.8708714628390859
-0.707061354613475
4.791570689143883
6.111514178131476
6.919607338324964
7.370096977799829
7.65626962874598
7.685423810922349
7.438218309558259
6.839066667954712
9.836031919691646
12.614243029770801
14.184386363637557
14.97794430941271
15.403456120878245
15.389365173742787
14.852940802479727
13.563583656527154
14.381968409572774
18.453484586891438
20.68698856907135
21.783923952258622
22.337478827227343
22.29395031707555
21.505015032838678
19.628631990340523
18.49013648429779
23.692400130604497
26.487864523853506
27.849260258187165
28.524696958997755
28.469152628935003
27.47775749014312
25.121794804584077
22.231722029367525
28.405971522645864
31.664972144980517
33.25444427131387
34.03737454560919
33.97770953312138
32.820241864122636
30.11937224502691
25.6381726051791
32.626793689711015
36.25757486203896
38.041885553933305
38.921593108879826
38.86676674776908
37.58616216001351
34.646673758069255
28.7603375677044
36.40577969683511
40.32567134742423
42.27524845097653
43.24309731179196
43.19847988058057
41.83374810517074
38.758838815990025
31.63640503032593
39.77919202534146
43.91602857682883
46.00477329360133
47.05311309942397
47.025277385330774
45.60819717613795
42.492046954812494
34.22857430550595
42.704609196092534
46.996084249430275
49.200548059902104
50.321413724952684
50.31983325607116
48.86887355246991
45.79185424058319
36.66394153774112
45.30445992990108
49.69823957367429
51.99835130815095
53.18523417983769
53.22123936113655
51.74691155732656
48.761583018638746
38.91238230025487
47.534342516250106
51.986591296291394
54.36438950659356
55.6099979346212
55.684073054301706
54.20708070212621
51.3306567026552
42.519145132319544
50.96557037879195
55.445316044934444
57.8863633137588
59.18392060293429
59.294416546278285
57.8254889157753
55.0718071596239
-23.46953730580219
-29.40807675683251
-33.428169682082434
-35.86539930833443
-37.085611821249586
-37.06203379544174
-35.66936407019279
-33.64951807705161
-27.728271464989195
-39.00316396529239
-41.259479025773544
-42.2741445958171
-42.111324737225345
-40.533049017764085
-38.0217101543645
-27.53386628073342
-34.8260629021252
-38.820025569678755
-40.798132645076194
-41.60566432718606
-41.365953191791135
-39.765019655711946
-36.973197857110115
-24.522321939703225
-31.161775837637503
-34.655621973424886
-36.27751360888835
-36.877341594360075
-36.61317662406919
-35.15108641840054
-32.410653188145446
-19.69822239105722
-25.098419653938176
-27.858941303771104
-29.072838991364975
-29.475622389232576
-29.23384268837607
-28.015930898021136
-25.6397283465158
-13.749112722120882
-17.549577734590137
-19.43662911429097
-20.21757874666779
-20.43220753243835
-20.2363024548115
-19.358145222340845
-17.604625387330362
-7.213991271045358
-9.255103534287036
-10.212095918940065
-10.558524081188716
-10.590894432577516
-10.447837957299443
-9.963826683425316
-8.985239388173069
-0.9156110382330844
-1.215529167595761
-1.2586993067607908
-1.190474547180412
-1.0563516608502548
-0.9738218329156322
-0.8707343455315533
-0.7069514934802379
4.791979859418964
6.112054871122257
6.919995059849801
7.370203230789025
7.6564895202104175
7.685519378498758
7.438330076384038
6.839196109832353
9.83635974590285
12.614674283195653
14.184712440394852
14.97810566946783
15.403738430298741
15.389433684028155
14.853062321088421
13.563726026161389
14.382263448049871
18.453863082069155
20.687293855903278
21.784112085832028
22.33784852732405
22.29398511446467
21.505150576609886
19.6287908130431
18.490387688062757
23.692695212788767
26.48808526518303
27.849333746972675
28.524861796131283
28.46916922512188
27.477863421783262
25.121947539995766
22.231925216193655
28.40622675251701
31.66517834939666
33.25453821500904
34.037417205506934
33.97775767892654
32.82038853039132
30.119543091206964
25.638334666760663
32.62704180565911
36.25777249661433
38.04197001910117
38.921593087853026
38.86680729390066
37.58629780444855
34.64681362624104
28.760494988589066
36.40600200011036
40.32586845407897
42.27536333663525
43.243137255650474
43.19852678764623
41.83392952045019
38.7590666819368
31.63651935852815
39.77934208965752
43.9161786457349
46.00485999513985
47.053115380406545
47.02530823348971
45.6083410505015
42.49224098008505
34.22866137793413
42.70475581972441
46.99618972772217
49.20058641164101
50.32139239216395
50.31983756553334
48.86896320100489
45.79201601066479
36.66402837467707
45.30458124022581
49.69834147868448
51.99840751432517
53.18523789862186
53.22126997339178
51.747008724439226
48.761712565834166
38.91244921043196
47.53444918205931
51.98668019192872
54.36442310041995
55.610009071977
55.684083413668866
54.20709781258714
51.33073193074515
42.519172338772876
50.965604499690635
55.44535080540474
57.886384762623116
59.18391688871157
59.29442550240842
57.8255135278932
55.0718356679251
14.543790647031594
14.114729967357395
13.498215518010277
12.705421689170223
11.73952611999514
10.599704198091048
9.282526461060913
7.783103937171186
6.094867406408618
4.212137094734457
2.1304056308359733
-0.14782616833762266
-2.6031099682558105
-5.182428674164332
-7.778857352559413
-10.207403692457348
-12.166180189429804
-13.218283348324322
14.60522216542495
14.200938678743048
13.60893365022882
12.836148079404415
11.885656523438364
10.75479416240036
9.4388072166833
7.931254801637533
6.223886012034215
4.309999896163842
2.1842230053711296
-0.14866591008617602
-2.661049958031486
-5.280365196881705
-7.881145207597265
-10.277596463112525
-12.199854975508755
-13.24494985926241
14.757050383018056
14.271573934332716
13.703990586249763
13.050341008988811
12.29695390066498
11.412295793922294
10.392582001978855
9.206507286560333
7.848904171000236
6.289409956514249
4.528640324135834
2.535447978393566
0.33537590497810366
-2.0191571327965128
-4.492631090878938
-6.979789549729562
-9.371530045135232
-11.49521507262475
-13.227340943536982
-14.433021579455724
16.86581399960464
16.334735005997164
15.73681737838016
15.037675340356166
14.211235760419562
13.239167464644426
12.093126801850714
10.742220889820176
9.151307744774906
7.326535380665202
5.2434972540418325
2.889523349041341
0.3091807738153769
-2.45963310796406
-5.348770600492453
-8.2468993058503
-10.993181070543525
-13.367387735987977
-15.175134402769748
-16.248179693962932
20.512606181393238
19.88421489490773
19.21809887695679
18.422612912343173
17.459237253060312
16.290963222163963
14.874847051146801
13.202428399832183
11.234236611428775
8.955769101410912
6.348027671987139
3.423217044908855
0.21585284805157615
-3.222122492983004
-6.798932955952129
-10.364215683982529
-13.687729367713189
-16.44648773576082
-18.324962793464383
-19.05937690015847
25.11229773878711
24.388632105615716
23.645162605427494
22.713008043250724
21.538934747184065
20.081322029438628
18.31197783659595
16.19856516899164
13.727139260241792
10.883046426143386
7.649701599613498
4.038463281146119
0.07411960718248406
-4.175164362564325
-8.59167678557225
-12.966046073892848
-16.97611568233997
-20.169620618967784
-22.059051358594665
-22.2142914678992
30.27813310789536
29.49669567557096
28.655201062204227
27.523318610573348
26.054297549841774
24.21902180196336
21.996517252369358
19.377150437030103
16.348431234621067
12.892474114072808
9.002212409639375
4.664575388855875
-0.1016904510435469
-5.215095773062486
-10.530512118105142
-15.760331107887342
-20.48189471708344
-24.099301968922962
-25.92175562943544
-25.284019641523624
35.777068308033186
34.95497916567596
33.94844521242548
32.52511384902662
30.65138994000512
28.350930307485825
25.62415310131866
22.469348513725993
18.87078663781977
14.824632370616426
10.29728596094619
5.265833889980198
-0.27934006155397
-6.25259931355997
-12.46535641854868
-18.531195601071442
-23.921941894007976
-27.914781732512182
-29.608684360635984
-28.026073447719426
41.609973165092086
40.657632504151984
39.3171788279796
37.43582061387288
35.055614605452995
32.23251148784571
28.982835318822392
25.30420849415667
21.174846808269603
16.58484312743466
11.49003128469754
5.829765177870679
-0.43571805331780533
-7.22867705536646
-14.307988682852297
-21.143665046586726
-27.126985178448308
-31.428352284677345
-32.95522624833635
-30.352387484962705
48.597652330887804
46.710647096879015
44.64681156748529
42.0961413581585
39.14054336710036
35.76126446419009
32.0036298902588
27.835535033428325
23.23450270712584
18.166621440419647
12.56999289809139
6.367087208783484
-0.5513895510348873
-8.106415589512594
-16.00080657718995
-23.51168944821015
-29.992536048628033
-34.53366775594469
-35.879183865879966
-32.29371321486849
-15.3159824860879
-16.10655518450257
-17.278816266119247
-19.497701774750656
-24.012189585139094
-16.61695597781361
-16.799109513659463
-17.653167380512087
-19.70992874671405
-24.132254511919946
-18.427272558918304
-17.678629862805213
-18.11080725718081
-19.965784406281553
-24.280400430413295
-20.174330943051796
-18.43158350820875
-18.487009198243918
-20.17235225819693
-24.400366154700183
-21.551687275916056
-18.954932163107813
-18.739984190693008
-20.310895608264182
-24.47993411794972
-22.465086235269073
-19.266415584970677
-18.88810001626773
-20.39017833011489
-24.52547592422051
-22.960846223205916
-19.423198525820254
-18.96153461775037
-20.430155838812873
-24.548372601297633
-23.152903082630328
-19.48168378082732
-18.988887333834338
-20.44538960961065
-24.556538112232662
14.757220255561666
14.271932535730217
13.70418786566554
13.050345635425671
12.296996222387525
11.41239169305563
10.392543555525094
9.20667491913351
7.848864929144503
6.289611612248697
4.528642713589976
2.5355420912726077
0.3354122356792839
-2.019158407086112
-4.492607508316833
-6.979742856611709
-9.371579457509654
-11.495195104917943
-13.227494930625534
-14.433221214198372
16.866010422796478
16.335270486679363
15.736900980627897
15.037804734475603
14.211461590619573
13.239245558901137
12.09305754047932
10.742453567317892
9.15134697451775
7.326594630609304
5.243530058493097
2.889790526280465
0.3092259500403778
-2.4595409216514867
-5.348857478977434
-8.246540332756297
-10.993197236192843
-13.367353494864448
-15.175308287530383
-16.248560872444894
20.512682535013642
19.884597603401062
19.21808362951628
18.422887500652163
17.459591133030894
16.290979517056577
14.875027586688649
13.20253108725104
11.234489602452943
8.955833345557549
6.348118161278386
3.4233435038196474
0.21598577673399938
-3.2219765619959357
-6.79907589060601
-10.363614586125676
-13.687707636115329
-16.446458293801932
-18.32524336505809
-19.05970263087979
25.112375261250662
24.38885456355789
23.64531293035682
22.71321572736929
21.539086253620095
20.081458621077502
18.31216651464633
16.19868375793317
13.72744052384234
10.883320345300394
7.649826574645716
4.038438237030546
0.07433748593981011
-4.1751164444427085
-8.591742055902756
-12.9657949605312
-16.976023700935222
-20.169637312071906
-22.059413023018486
-22.214563226099727
30.278359038428242
29.496885819345113
28.655401895737523
27.52347954297534
26.054392679089393
24.219179387594483
21.996630488163866
19.377385927539944
16.34872241505242
12.892660660091309
9.002420721384507
4.664630379822997
-0.10155186368445243
-5.215065350182367
-10.530498097497217
-15.759974057822214
-20.481805620865458
-24.09938320895987
-25.922034902191996
-25.284296382248655
35.77719274332379
34.95511100335772
33.948597910891365
32.5252686119435
30.65154584606308
28.351059183660166
25.624292129358423
22.469577881497973
18.87101572970264
14.824766359565022
10.297488249806085
5.265942950534337
-0.27924622562958246
-6.252516090736589
-12.465269205548445
-18.53074367368279
-23.92190272974209
-27.914887268023623
-29.608893293257466
-28.02631798897259
41.61005264762469
40.657736886701166
39.31731277935706
37.43598087524233
35.05578028276121
32.23266803662513
28.98298786317796
25.30439540524721
21.17502545389592
16.585000970544
11.49019518674488
5.829884489021134
-0.4356160810528911
-7.228560535585071
-14.307861864631084
-21.14429314318415
-27.12697360789599
-31.428454617840526
-32.95541288611012
-30.352613572737145
48.597678500330524
46.71072614921391
44.646938943997846
42.09630655883887
39.14073653689085
35.76144415139399
32.0037668069357
27.83571441821607
23.23466814816871
18.16678106324305
12.570143536077053
6.367214855883164
-0.5512891601174923
-8.106282924017968
-16.000672651520784
-23.512211094947382
-29.992548649534875
-34.53377463135569
-35.87936746360443
-32.293932631191545
41.72982475220014
33.11014327386665
27.848053880427273
24.30229322797666
22.00068236968117
20.89645825506034
21.312112850168223
24.867032389980427
39.222507430635446
32.39098250971108
27.536403984369635
24.145869597344962
21.915143326237523
20.850601385149325
21.28743390530903
24.854526315965764
35.11052637537581
30.689741736602056
26.736173227466196
23.72294652142048
21.692087237812373
20.7232326950938
21.220359586349822
24.81982333500944
30.354725484597225
27.954568831138502
25.26395647783335
22.912689601978688
21.241787806871034
20.474344421320442
21.084564397387467
24.750073360515106
25.488983378759087
24.52141191681773
23.088190551473268
21.619500565727126
20.490726804781705
20.050423960466578
20.85230703024193
24.62927467865185
20.962326106626822
20.859834667434686
20.45902062878365
19.901123045751802
19.42958425448788
19.430321901425483
20.507228111149278
24.447726154768155
17.259836580542245
17.640494200080447
17.906069967935867
18.053148981969393
18.209438215484685
18.686875647445962
20.084837430597258
24.224491397999
15.039332276014038
15.624677860879334
16.17536843887207
16.70438831428736
17.26914906878136
18.093341322800743
19.737489724003513
24.04238799076705
15.039499350456838
15.624837544371717
16.17552537042908
16.70454855830952
17.26931757962663
18.09353244698081
19.737704618353398
24.04258337045887
17.260058719691617
17.640695006875024
17.906268155422403
18.05335168526111
18.209645532870024
18.687125749445066
20.085117003666383
24.224649121644333
20.96249784828836
20.860008539278464
20.459199431562283
19.901312960959515
19.429785770162027
19.43056852271801
20.507496725719438
24.44778828795987
25.48916035039086
24.521589685419038
23.08836244424335
21.619676042700107
20.490913381922432
20.050634487628432
20.852526799573614
24.629261378823387
30.354877578965805
27.954702134543716
25.264080999368772
22.91281648354377
21.24192654097202
20.47449867557892
21.084722778769642
24.750030583048023
35.110625997734374
30.689825933881444
26.7362516067819
23.723029011272942
21.69217748183539
20.723332944746215
21.22046169004154
24.819782593720262
39.222563253030756
32.391027691507816
27.53644619467089
24.145914299176123
21.915192357523704
20.85065669076505
21.287489295096957
24.854501170809964
41.72984101919267
33.1101572493815
27.848067533202958
24.302306724636786
22.000697761536603
20.89647535965718
21.312130001164988
24.867024319535997
-13.77959197502846
-13.773338828387732
14.750851972542545
14.691950015814369
-34.82776586627877
-23.50134034117216
-29.409824356059392
-33.42839126604361
-35.86544788949209
-37.08563208848852
-37.06189283016412
-35.66922200273751
-33.64945019166773
-27.734115413065147
-34.82965417668242
-39.003499184396496
-41.25954249465873
-42.274165198584505
-42.11113751451196
-40.53240848586809
-38.02102382012183
-27.536168795097293
-34.82747817137864
-38.82035228967509
-40.7982182887284
-41.605635514373304
-41.364937107981426
-39.76434203946398
-36.97242014356226
-24.523523523461964
-31.16282081835334
-34.65595358947565
-36.27756230544586
-36.87730927561145
-36.61259358732843
-35.15028319484802
-32.409790010236314
-19.69890305135953
-25.099165346554987
-27.85924674618534
-29.072902363037052
-29.475604619974995
-29.233268264728437
-28.01604650409453
-25.640021667622413
-13.749625624270154
-17.55015188838078
-19.43692268376262
-20.217673620899333
-20.432232715244577
-20.236470011334116
-19.35861206389721
-17.60490205167911
-7.214369180622542
-9.255533394825923
-10.212376302415453
-10.558648828567204
-10.590778539411946
-10.448367340457784
-9.964204565730583
-8.985508160684589
-0.9159044491477567
-1.2159307274756537
-1.2589383525082942
-1.1905497119926858
-1.055911081048153
-0.9742241501626069
-0.8711178916749442
-0.7072119808555355
4.791797319525269
6.111777907990016
6.919789516799643
7.370162222999996
7.656947050945709
7.685128843446175
7.438068008900741
6.838907030912685
9.836200324666892
12.614453575766552
14.184542801305627
14.978002886345473
15.404170523986672
15.389069848145475
14.852778954736024
13.563519546762878
14.382094376759207
18.453652975524356
20.68713153835491
21.78397791661611
22.33827544774645
22.293658254114316
21.504853026424623
19.62858267129786
18.49020046529492
23.692526515603927
26.487986044787476
27.849307926200602
28.52529689395726
28.46882502857079
27.477588813171536
25.121750787990813
22.231775326420507
28.406095345083905
31.665068035403703
33.25448552703028
34.03693052361555
33.977302852329395
32.82006992606029
30.119314698116998
25.638187866654025
32.6268731947594
36.25766607203429
38.04192776367984
38.92120689721325
38.86637926640055
37.58598812876845
34.64660445719787
28.760312558126483
36.40581020730211
40.32573830736824
42.275277333235735
43.24274425754049
43.19809869587634
41.833487667194866
38.75876781855984
31.63635860587085
39.7792155182701
43.916083296571486
46.0047861847623
47.05278013325453
47.0249017568069
45.60787813423472
42.491900518863964
34.22863621912639
42.704681206846196
46.99613600744832
49.20055845703009
50.321096419859465
50.31946000143947
48.868554634783
45.79164459641981
36.663994752859246
45.30457635865474
49.69829698369683
51.99836252937924
53.184923469969
53.22086875139713
51.746588709854514
48.761372469603
38.91228499899833
47.53434876568265
51.986640653849655
54.36439841266319
55.60969683527839
55.683703544465445
54.20674864275513
51.330418932559624
42.519243726398415
50.96553710965586
55.445295410918966
57.88634948860925
59.18363001293306
59.29405034974942
57.82514277344979
55.071533890509414
-23.501331270081014
-29.409814547769933
-33.428380445411214
-35.865440993779224
-37.085651026227424
-37.06160740824309
-35.669030481381206
-33.64933105168293
-27.734114057422406
-39.00349701059479
-41.25954754813779
-42.27420257524084
-42.11090095958447
-40.53229438738433
-38.02097012007041
-27.53618871148701
-34.82752404515346
-38.82038267574321
-40.7982152083455
-41.60566236072748
-41.36513873445847
-39.76430951580831
-36.97243604538303
-24.523517851555937
-31.162805544964762
-34.65595771946062
-36.27760318698565
-36.877335978438104
-36.612852356354345
-35.15037038752078
-32.409878962209184
-19.69889558441489
-25.0991672479831
-27.85926647221258
-29.07293570975473
-29.47563151103464
-29.23355419899965
-28.016642512886126
-25.64069431020479
-13.749616304612394
-17.550146949458455
-19.43692108753361
-20.21767551833813
-20.432201493811643
-20.236712811515186
-19.358740585594422
-17.60505426519046
-7.214371330542919
-9.255548557189316
-10.212360593649954
-10.558621417043753
-10.590564282222877
-10.448462240337292
-9.96435403049472
-8.985635075459774
-0.9158953527192423
-1.215882642348935
-1.2589315862993127
-1.190570046004676
-1.0561026486988538
-0.9742745394627236
-0.8712321178965549
-0.7073528080784066
4.791777560701453
6.111778737306328
6.919788421189723
7.37011018403618
7.656707137801558
7.685134345875553
7.437983944872486
6.83879949748887
9.836186780147225
12.614433195106493
14.184525577884472
14.9780155310396
15.403974462589455
15.389086146014375
14.852736356145778
13.563440822021096
14.382104868597377
18.453648397087775
20.687133406986945
21.78402775683774
22.338028690192385
22.293671131030955
21.504811505897973
19.628528216595534
18.490211519088987
23.692493674591116
26.487938699552895
27.849254064283144
28.52514865062862
28.46883049364083
27.477529744594868
25.12169738635331
22.23177432646776
28.406068494101394
31.665037957057734
33.254463390253235
34.036920861847946
33.97735037891928
32.820062798825155
30.11928681805912
25.638175920545443
32.62687856676503
36.25765648598322
38.041907629301825
38.92118845959438
38.86640373861924
37.58598121428887
34.64655430203049
28.760322300077885
36.40582461189574
40.325755365691094
42.27529929926037
43.2427903572637
43.19813607794891
41.83353838379307
38.7588163080857
31.636349199227965
39.7791896458526
43.91607919975936
46.00479194729854
47.05280413159837
47.02492839994606
45.60790433179907
42.49192837648395
34.22862196578799
42.704682313928956
46.996113059135055
49.20052831894031
50.32110497539426
50.3194639776014
48.86854137171599
45.791656993317346
36.66400195297058
45.30458274271506
49.69829686797176
51.99836365871912
53.1849590317455
53.22090150051415
51.746600407137436
48.76137472797398
38.912295087843745
47.5343736488741
51.98665665081081
54.36439225617651
55.60973570269425
55.68371705185754
54.20670217037869
51.33039726816954
42.519245023102236
50.965534148466475
55.44529702460941
57.88635271931055
59.18364078464149
59.29406139738648
57.82513739493106
55.07151590622838
-34.82964932963762
36.65158069219966
36.648207735486146
36.633026491074226
36.59866237385034
36.53654790787018
36.44256090270683
36.331573943244585
36.26873675467643
53.98400549899985
53.988810353308544
53.98678717578114
53.97390294286526
53.94589052900701
53.902715817419235
53.86153481665135
53.89872889258583
69.07355108478124
69.08287158930783
69.08864785205012
69.08885257854544
69.08187059715989
69.07017218393929
69.07222025724977
69.16816228994429
76.02177009129252
76.03053983680351
76.03779158640316
76.04265909455933
76.04487546029279
76.04733144830416
76.06487057031691
76.15861634707517
36.268261093574374
36.330176005582224
36.44106354355996
36.53527086334713
36.59772904414435
36.63242491917134
36.64788455313075
36.65148160629035
53.922209640164034
53.868510236677864
53.90608177571774
53.94791335879752
53.97517317584364
53.98754918291752
53.98920586163906
53.98410713834679
69.16389717625583
69.06935505399393
69.07054575317903
69.08288288756252
69.08982247557293
69.08934831451015
69.08326858538763
69.07366008883561
76.15774922326126
76.0633476984178
76.04581810750277
76.04364865654837
76.04176602592541
76.0372094478198
76.03022483400424
76.02167329384982
-35.65792894082931
-35.69143582829646
-35.768164488776065
-35.83457739820963
-35.87812602740954
-35.90183533756952
-35.911843679189566
-35.91324540119179
-53.405718883847165
-53.3546891817983
-53.378670810408906
-53.40767355899589
-53.42617333235155
-53.4333994369702
-53.43250532638111
-53.4264569769903
-68.75629207664637
-68.65331463703191
-68.64388779535047
-68.64992087878831
-68.65332191443642
-68.6511576591072
-68.64445037631876
-68.63481701956708
-75.81288842683352
-75.71170943772923
-75.69281301665424
-75.69064333723624
-75.69032915308738
-75.68888823114595
-75.68674341128957
-75.68214021047055
70.20088250678738
70.1596919318647
70.15296075091855
70.15251151339348
70.15185757317882
70.14977853858579
70.14648158016513
70.14235788625165
70.20032060159615
70.15938124456878
70.15275116322687
70.15236473633298
70.15176010963462
70.14971736516995
70.14644957105628
70.14234844838738
-69.88432368895452
-69.83997069719452
-69.83654038610085
-69.83993066435357
-69.84421943150488
-69.84846183148207
-69.85318446909463
-69.84857786108218
14.75702515794268
14.271547955391917
13.703958315590354
13.050318152225364
12.296925111205839
11.412292778648657
10.392574943824293
9.206504624918175
7.848912120417842
6.2894087195042685
4.528643473404974
2.535436783990002
0.3353618200742095
-2.0191713087661007
-4.492655584612555
-6.97968527022283
-9.371406997811048
-11.495097218743668
-13.227237406874863
-14.433074245192461
16.86582094495647
16.334749033891395
15.736799305039858
15.037686558109213
14.211148338994734
13.23916749913686
12.093024976982417
10.74218531036069
9.151279465408342
7.3265368338410894
5.243571461269819
2.889484891407686
0.30917101735476815
-2.45968329072225
-5.34883804869139
-8.246672726417435
-10.992831863509764
-13.36704373472396
-15.174884342921017
-16.248305542678327
20.51259069929951
19.884236034530815
19.218184592411966
18.422395386229773
17.45909868905491
16.290978669929142
14.87461900734834
13.202387779666495
11.234109837078933
8.955802621191104
6.3481230049217325
3.4232453036949173
0.21577170976357107
-3.2221706114233113
-6.799103646210964
-10.363790299283385
-13.687284828333508
-16.445985674245165
-18.324585632693516
-19.059630144642803
25.11229688530446
24.388721465956866
23.645055239932315
22.712977107267275
21.539015346294146
20.081244575579134
18.311941762114685
16.198465408013753
13.72694981433653
10.883169701025503
7.649685759929581
4.0385794126148795
0.07394874548845393
-4.175274170848755
-8.591870461700907
-12.965945503590833
-16.975603320037226
-20.169027435832295
-22.058545468566187
-22.214623456513184
30.278052879925806
29.496642044372063
28.655015715492667
27.523099283996242
26.05433868079097
24.21889528061268
21.99664561933059
19.377176218501447
16.348231762525906
12.89250610500183
9.002211211586358
4.664535197948704
-0.1017967279659078
-5.2152833735394974
-10.53058335400422
-15.760235837558042
-20.481301151716185
-24.098642630679834
-25.92123743035922
-25.28422171144428
35.77683384937039
34.954679387739205
33.94843155479745
32.52498396616946
30.65123658761888
28.35082392748957
25.62428112013363
22.469400544433466
18.87076714733206
14.824426839920914
10.297374554399862
5.265660115298681
-0.27951979330061627
-6.252691586410891
-12.465398960481137
-18.53100939708566
-23.921342864166267
-27.914016078046007
-29.608172325156538
-28.026179268956174
41.60964797758047
40.65716829482412
39.31689973185187
37.435837354683464
35.05550223984504
32.232467542018895
28.98281683370634
25.304176250893498
21.17503699461618
16.58464430489956
11.489956545319151
5.829609461741894
-0.4359786359663075
-7.228642809667937
-14.3080958586317
-21.144517368631316
-27.126356975958075
-31.427580587588782
-32.9546804325552
-30.35255524761069
48.59822571751887
46.71031451405802
44.64665607595941
42.09610293954596
39.14044538019125
35.761298872104575
32.00344736497025
27.83557336419998
23.23468790063374
18.166573736410356
12.569753932511757
6.366924250104172
-0.5515904774742916
-8.106392030206443
-16.00098258564743
-23.512452511397562
-29.991836490162314
-34.53287950122664
-35.87860380195028
-32.293947148209085
14.757142019981476
14.27185723496374
13.704108759132257
13.050277931912108
12.296924293411458
11.412347034632372
10.39249623622013
9.206633194651033
7.84883492910286
6.289573386377288
4.528609718819723
2.5354951776587384
0.33536338184054626
-2.019206347668046
-4.492660424390177
-6.979933569221078
-9.371435478080805
-11.495040958532172
-13.227334149645882
-14.433142422588274
16.86587257521099
16.335149291497096
15.736753590568222
15.037691227802847
14.211253465022214
13.23912849661126
12.092841890694213
10.742307445930598
9.15121052690986
7.326490204244053
5.24350048531328
2.889648018893156
0.30911352361510913
-2.459691737172686
-5.34901436350642
-8.247119862417993
-10.992809039947852
-13.36692409360862
-15.174915577907383
-16.248363704385888
20.512485770920147
19.88444044488124
19.21799401188006
18.42249765723799
17.459283318402544
16.29082864218454
14.874635994743096
13.202329814728783
11.23420446532759
8.955710305265173
6.348058500486514
3.423213948381336
0.2157471514389331
-3.2221824265941996
-6.799396104368307
-10.364387401563143
-13.687238675147185
-16.445854830215644
-18.324679915142866
-19.059538665667457
25.112193185756837
24.38875955940183
23.645020011661863
22.71299860326857
21.538980377074544
20.081194649722015
18.31194408840046
16.19839796094971
13.727065563644443
10.883258025741885
7.649624848857128
4.0383621386866455
0.07397191871624678
-4.1754255732022925
-8.59213353414002
-12.96620236935066
-16.975516912216342
-20.168943993857244
-22.058701624265847
-22.214458343042523
30.27811554565751
29.496660362495067
28.65503938007179
27.523078234005524
26.0542475067199
24.218862860430807
21.996565825114086
19.37721620950341
16.34832547322038
12.8924930093199
9.002217127596529
4.664378385983462
-0.10187564461525675
-5.215480864991092
-10.530813361979734
-15.760601945993779
-20.481259104996756
-24.09862995150993
-25.92130305663743
-25.28408534132168
35.77680635213034
34.95465690821184
33.948421705947204
32.524966873413604
30.651212272901603
28.35076544600214
25.62422690478367
22.469431824310103
18.870794080584954
14.824354659734865
10.297365824519785
5.26554671454134
-0.27965698387478205
-6.252854455704643
-12.465593070383454
-18.531498318399773
-23.921384409386786
-27.914031877797342
-29.608162183969398
-28.026050002705595
41.6096328025257
40.657144721489885
39.316886863193226
37.4358359177299
35.05549406746116
32.23244030787831
28.98277758383417
25.304164818314323
21.175011781687985
16.58459301926164
11.489905110497936
5.829500589664175
-0.4361153991647215
-7.228782663543351
-14.308268635077477
-21.14394000541195
-27.126437461015176
-31.427594324025286
-32.954642036189576
-30.35243739151807
48.59818674594523
46.71028669100243
44.64664923693363
42.096114069093396
39.14046933940475
35.761297512823226
32.003393800783826
27.83555461941103
23.234648862071136
18.166522869623215
12.569687268150089
6.366820559075915
-0.5517330587381692
-8.106521105984154
-16.001143928335406
-23.511990927353285
-29.991924792913714
-34.532895992484455
-35.878555860581045
-32.29382993175541
41.72956173006538
33.109896571417735
27.847818618188956
24.302082328646485
22.000502766571024
20.896339369951768
21.31213208690623
24.86729256632772
39.22235668116842
32.39077701964302
27.536195786839517
24.145687138659746
21.91498918663731
20.850508705633786
21.287472929546325
24.8547392938019
35.11033689754721
30.6895145912386
26.735963401908435
23.72278279678472
21.691954619351485
20.723164986191687
21.22041364855305
24.81996571699869
30.354574411828366
27.954388106222947
25.263782627273386
22.912555596970737
21.241687471586673
20.474306217371964
21.08462768554093
24.750123229189782
25.48887418486369
24.521276295369006
23.088067073302025
21.619402970139358
20.49066104792374
20.05041325483234
20.85236892969723
24.62921922154121
20.962272472214593
20.859756400501556
20.458952569859417
19.90107296695387
19.429556706821135
19.43033380475606
20.50727771534526
24.44758348823487
17.259803474248802
17.640449672711874
17.906035791949094
18.05312814881298
18.209434348497105
18.686892905846467
20.08486429784906
24.224326147099433
15.039307076639854
15.624653808037163
16.175356166766925
16.704387549547786
17.26915154381435
18.09335003922887
19.73749714219922
24.042310590702538
15.03942059441566
15.62475737278853
16.175452429572157
16.7044784688194
17.269236687358667
18.093438578469343
19.737591965240618
24.042464890494475
17.259881062062806
17.64050006389683
17.9060725408625
18.05314837293862
18.20942540707023
18.686882977972356
20.084853186493916
24.22446502660278
20.96225863151153
20.859739227812074
20.458929027891184
19.90103769219582
19.429496096702067
19.43026980395754
20.507219124514087
24.44774835098178
25.488869090939495
24.52127406997553
23.088056800060865
21.619376261689222
20.490613903865913
20.050350924094595
20.852316519659425
24.6294113304292
30.35455443428167
27.954378265241623
25.26378030022708
22.91252874589908
21.241649042142143
20.47425550506129
21.084589368730352
24.75030307810327
35.11031140776734
30.689508314785517
26.735964045641516
23.722763346263488
21.691927513573972
20.72313005425182
21.22038919880493
24.820100368191092
39.22234083358613
32.39076784504196
27.536190838439506
24.145676380146234
21.914974100995238
20.850490354115426
21.287460289387322
24.854816232537164
41.7295542462178
33.109893396874185
27.847817247128287
24.302078695594954
22.00049832595531
20.896333714273243
21.31212832080249
24.86731681365345
36.650475174499924
36.64690492392912
36.6315418921327
36.596986183444336
36.53479424995999
36.44099865570598
36.33044804350815
36.26831139975327
53.977869428415374
53.98290384197388
53.9812893809506
53.96892284429056
53.94163026470544
53.89940257447689
53.85933394174497
53.897935146632754
69.06994241541663
69.07946621782641
69.08556784907731
69.08614263786453
69.07956795856417
69.06840019964685
69.07107603373572
69.16775618890838
76.02655302129796
76.03457031394103
76.04155117931421
76.04607837050214
76.04780656741666
76.0496400708916
76.0663710020714
76.15913719925074
36.26908967648122
36.33204740975181
36.44263080100303
36.53618586637827
36.59802331068717
36.63222966703648
36.64728517222881
36.650593829743364
53.87464121797717
53.85271298730033
53.89637693041256
53.93985097874095
53.9678379381809
53.98065991173501
53.98259496968731
53.97776221256955
69.17277381546835
69.07477234447177
69.06874712846725
69.07908149046126
69.08556821885293
69.08515818239592
69.07928536901092
69.06989369834919
76.15982394847809
76.06766746986592
76.05081130267261
76.04865397235272
76.0466455230525
76.04188485167666
76.03470044357822
76.02541203591583
70.20115810171667
70.16040304537624
70.1539204085856
70.15359278602317
70.15298143663102
70.15089963688736
70.14755703465934
70.14405786234764
70.20025443436421
70.15943353846171
70.15308523131851
70.15292432339193
70.15247222279943
70.15053092422941
70.14734665582895
70.14262381706124
14.543784653532255
14.114757918718777
13.498218854385584
12.70542629041499
11.739535978392459
10.599714871771022
9.282539007723974
7.783120671785429
6.094887683959444
4.212161187448363
2.1304245928917847
-0.1477714148372531
-2.6033598997845755
-5.1828367112678455
-7.778757182157887
-10.207272395680107
-12.166000754364491
-13.218543111458448
14.605225673780529
14.200956562678977
13.608947690764959
12.83616420765585
11.885688917854948
10.7548252992179
9.438842378759487
7.9313060164259195
6.223947373418867
4.31007250202806
2.1843139380343057
-0.14855207573842524
-2.66090278783789
-5.280170138098351
-7.880872657444258
-10.277202870472808
-12.199238268373946
-13.245059911496098
-13.778791937644437
-13.775436821258115
14.750858390498866
14.691803567760848
14.543908706390935
14.114944175478524
13.498316021194787
12.705446264328362
11.739558668959955
10.599731465157593
9.282546507052338
7.783117696468461
6.094872499903556
4.212136028999053
2.1304044600428567
-0.14781819020838982
-2.603093499729009
-5.182409961288117
-7.778838917166155
-10.20734833984029
-12.16611986870745
-13.21876911271594
14.605251061767667
14.200932355407893
13.60893510381071
12.836191705292634
11.885704749321231
10.754835021575177
9.438841191525583
7.9312891558320295
6.223910313508009
4.310021919702431
2.1842472465994582
-0.14861713177100672
-2.660978548448851
-5.28027420461254
-7.881039135542183
-10.277403810735002
-12.199572999401974
-13.245293914551379
-13.77950096480123
-13.778136112752483
14.750807015827249
14.691837369392369
14.543677695944199
14.114538396763981
13.498123269948548
12.705447110686707
11.739559763864289
10.599731340478723
9.282545743134833
7.783118182348498
6.094872980357526
4.212136240350201
2.130393946385897
-0.14780179145921885
-2.6033931559881887
-5.1828837576240465
-7.778829144412185
-10.207349619823905
-12.166159053463051
-13.218821150102366
14.605246457277698
14.200938136062613
13.608932870978162
12.836187046016198
11.885711159304858
10.754834032703693
9.438836872919241
7.931291962780642
6.223912238810494
4.310021500072673
2.18425003823073
-0.1486194834241324
-2.660982014833091
-5.280278691758033
-7.8810405043666645
-10.277404127997027
-12.19957300384332
-13.24529392180742
-13.779500982043775
-13.77813612655622
14.750808402993075
14.691837643868743
-15.31577571511291
-16.106323352407546
-17.278541563862863
-19.497367420366388
-24.011777096599236
-16.61663391897742
-16.798736152468766
-17.652706040906775
-19.7093343435814
-24.131463478219825
-18.426931042732285
-17.678219834280164
-18.110283380574707
-19.96508314460275
-24.279425366896927
-20.174008074640263
-18.431208521683015
-18.486528988128125
-20.17170225716078
-24.39945056705072
-21.551436570642746
-18.954643272813968
-18.73961080399987
-20.31038639305259
-24.479211069405277
-22.46491697160272
-19.266222012306965
-18.887848358610388
-20.389833553641303
-24.524983605742865
-22.960751614477466
-19.423091883462273
-18.961395918724918
-20.429965135062652
-24.548099834642926
-23.152873570938528
-19.481650678729476
-18.988844243654448
-20.445330359329425
-24.556453247228436
-35.65744618024411
-35.69041177560765
-35.766826366794426
-35.833304700760536
-35.877112357178135
-35.90113825459238
-35.91145392830804
-35.9131234679346
-53.40510283199842
-53.353326998218755
-53.37699819749592
-53.406193150942926
-53.4250417531136
-53.43264142666249
-53.432084102347574
-53.42634313388739
-68.7589848515657
-68.65584520282982
-68.64627261474091
-68.65197930304736
-68.65485892321759
-68.65215133313905
-68.64496100072365
-68.63497791430441
-75.79607432490941
-75.70849711134375
-75.69206366583322
-75.6909755849139
-75.69100292357183
-75.68951238584476
-75.68718941464219
-75.68308604904772
-69.87633200168189
-69.84153521129112
-69.83668507923723
-69.83985912223001
-69.84418895297826
-69.84858941238586
-69.85363715851304
-69.85113323818642
-15.315883601237584
-16.10643135215308
-17.278659333246384
-19.497491540288962
-24.011882914079386
-16.616707353693137
-16.798792873340833
-17.652759586453186
-19.70937327700051
-24.131496485100335
-18.426962964661033
-17.678232318838777
-18.110291907450193
-19.96507840515578
-24.279383777977888
-20.17401754171303
-18.431191881656307
-18.48650767189401
-20.17167216180003
-24.399337928973782
-21.551415420762776
-18.954598225695666
-18.73956289278975
-20.310333279380956
-24.479041101074575
-22.46486992791762
-19.266154313653765
-18.887778414119616
-20.389758362474215
-24.524764136949713
-22.960697803351433
-19.42301025238054
-18.961309031923555
-20.429870825313113
-24.547838925996952
-23.152799495048168
-19.481553294047355
-18.98874120387871
-20.44521866403476
-24.556164993685304
-35.65266946254239
-35.68873096068933
-35.76579838096595
-35.83237826839025
-35.876272851118465
-35.90036314771227
-35.91066341725514
-35.9123072321269
-53.40786464600246
-53.35449329014148
-53.37733051991835
-53.40618727171922
-53.42485554863532
-53.43233581278847
-53.43163428786323
-53.425811164712634
-68.75811607636713
-68.65637119242402
-68.6468716263761
-68.65246001430118
-68.65527666545658
-68.65246827598402
-68.64514583311394
-68.63501560648228
-75.7958751204462
-75.70856763703829
-75.69186416904012
-75.69064157530539
-75.69064164687244
-75.68913000041911
-75.68678783208738
-75.68196728851797
-69.87570366877506
-69.84115641371662
-69.83651336359888
-69.83982929567827
-69.84424441810883
-69.84865021921051
-69.85352192335026
-69.84905371898462
-15.315835367213088
-16.106393753899376
-17.278627659219257
-19.497469932120094
-24.01188691026429
-16.616797186004558
-16.79892274949869
-17.652947459139135
-19.709652506711606
-24.13193504459912
-18.42713218099649
-17.67844969486888
-18.110595312042673
-19.9655234791708
-24.280076588851923
-20.17417320101548
-18.431406686618573
-18.486812228279806
-20.17212084488529
-24.40003203319904
-21.551542958048216
-18.954774677564615
-18.73981084925318
-20.310697080317315
-24.479598971089725
-22.46495909195847
-19.26627666139877
-18.887949163380856
-20.390007923258636
-24.52514422393492
-22.960749906806594
-19.423078246849492
-18.961403986957837
-20.430009070491245
-24.5480491105704
-23.152816002024302
-19.4815744534642
-18.988770713046403
-20.445261664168967
-24.55623026991133
-35.65275948271327
-35.6894727740198
-35.766914890269774
-35.833470223322095
-35.87713788567382
-35.90094486083143
-35.91098157775459
-35.91240544935343
-53.408016971240755
-53.35535513466551
-53.37857666739087
-53.4073649446527
-53.425759119038204
-53.432932353600364
-53.43195306542228
-53.42591683509865
-68.75453157942624
-68.65293167615509
-68.64369574239882
-68.64982491524238
-68.65331046655665
-68.65116459135017
-68.64441154605201
-68.63478518143552
-75.81279657082314
-75.7119655284868
-75.69290451806617
-75.69065299684439
-75.69028248862588
-75.68877635694844
-75.68662057465929
-75.6827153124805
-69.88517920072458
-69.84092857945038
-69.83751835181238
-69.84088735291034
-69.8451593802163
-69.84942955638145
-69.85433624499592
-69.85171947724133
