-0.010860914057108761
0.10951883027313547
0.1119660441378938
0.10549612971012856
0.09967218944170775
0.09649218097643875
0.09277083146817566
0.08826685711026849
0.056580698701990784
0.00837221023592305
0.0004105707014908644
-0.011553205278548528
-0.019479699065442446
-0.021885265765784867
-0.022274600169773784
0.04029747142919016
-0.0235882788375672
0.009659805591104131
0.001267794828961999
-0.01074338545075948
-0.018684040490869247
-0.02109673153575753
-0.021483176157546024
-0.07361211615084651
-0.09284806284255454
-0.09086380429464835
-0.1122010952510899
-0.13020476161022
-0.14031716490236268
-0.14181662676333584
-0.13747741232543498
-0.17251107566136237
-0.15478157939402704
-0.17945505083576774
-0.2133060284586763
-0.2371407686825424
-0.24943239093322256
-0.2501436459044857
-0.2406602840894032
-0.2584802524123775
-0.20859670666139052
-0.25635105403846215
-0.30114260818021155
-0.3302550397421351
-0.3446586242266525
-0.3448781984338398
-0.3306131115101645
-0.33151013651743844
-0.24571301729731498
-0.3414041345831862
-0.39998456174727415
-0.43647913965499985
-0.4543771643751633
-0.45492825972074535
-0.4348344488944047
-0.38295700329502624
-0.2592463868364554
-0.35093528332081947
-0.41279389948914047
-0.4512961713826711
-0.47048586237792334
-0.4719129913323168
-0.45146933543310186
-0.40645554517778426
-0.260157839006913
-0.35062499578432105
-0.4140602154741764
-0.4538833162685696
-0.47422759466608566
-0.47691144214180836
-0.45754603161586216
-0.4155432003184185
-0.2592470336309549
-0.3540593821080511
-0.4183119606848382
-0.4593133994560512
-0.48091200273907964
-0.485194265744884
-0.46798463261829615
-0.42327192082749154
-0.2612618676282128
-0.35798268091413954
-0.4223607555529918
-0.4644198780039013
-0.4873522378136643
-0.49351839287771027
-0.4794868720937995
-0.4355617210325933
-0.26478967113142504
-0.3568789148731355
-0.4213437770227053
-0.4634116746337733
-0.4863392629616514
-0.49249429113887944
-0.4784573341627114
-0.45125858564919397
-0.2698807150860405
-0.36201629293837234
-0.4261646220579587
-0.4693547035084662
-0.49378480441163775
-0.5021065683472616
-0.4921490726451978
-0.4710048071557811
-0.2767450076027962
-0.36743220901469265
-0.43108616608391603
-0.47559296217574243
-0.5017405054635553
-0.5125067953589213
-0.5074805989914455
-0.4958639847147843
-0.2865790581617489
-0.3750058795006299
-0.43839184928781627
-0.4846914213320612
-0.512937784369601
-0.5264971948798742
-0.527235355739113
-0.5285708379504632
-0.29698380400911106
-0.38427783892797174
-0.4480362494913588
-0.49687371093087096
-0.5277939563202536
-0.5446487413311216
-0.5520815810030271
-0.5685217803032694
-0.31464608128172755
-0.3906653674266718
-0.45578305309162137
-0.5082121517691185
-0.5425807818281816
-0.5634058110938733
-0.5787027681403367
-0.6283749982989408
-0.3423549455191659
-0.4075591793590272
-0.4769869968628946
-0.5357385324177903
-0.5755211184789979
-0.6018685656478062
-0.6271948401317455
-0.7242401552108979
-0.38804255148347555
-0.42112155595949763
-0.5001026815506902
-0.5700613004122197
-0.6187990042017497
-0.6536129466095169
-0.6932769558180987
-0.8689031881375735
-0.26435947964875983
-0.21685835698203082
-0.32315913744557
-0.420570202697524
-0.49028423218018014
-0.5436894116416053
-0.612382278615178
-1.3774395894156446
0.12314629350198192
0.12401074326475969
0.13196838507731512
0.13226309061860442
0.13026744084470854
0.1277630790598745
0.12382668536021801
0.11415553710086213
0.06029452709097294
0.03364253863229694
0.03393348982429267
0.03272302812936312
0.0314363217047674
0.03004338120656802
0.07617494439739836
-0.018244158186782267
0.02969881942197139
0.03399558299993466
0.034281069377934625
0.033071175779989304
0.03178550828165827
0.030389637528985602
-0.011070416874342959
-0.08175663947232215
-0.05687700023394027
-0.057504484913387666
-0.05721159370381912
-0.057461432310218497
-0.05732597705693099
-0.0551994482605056
-0.0821876179798735
-0.13349854850886445
-0.12978684936582185
-0.13527865327362876
-0.13483504975373717
-0.13406370410510005
-0.13249462731047879
-0.12664780302194778
-0.13894014464033977
-0.17399636790637052
-0.18877831496930764
-0.19816342654037022
-0.19727918924647558
-0.19544109203245585
-0.1925125960240801
-0.1833451635825023
-0.18136643883962655
-0.19523603767709563
-0.24144136903442237
-0.2533908524054982
-0.25045751208013023
-0.2464296399892858
-0.24133267165920835
-0.2284884815357342
-0.2011708174274225
-0.19337256010531534
-0.23051256518365904
-0.24075651524177477
-0.23627803664836944
-0.23121874753631988
-0.2254080994803258
-0.2124050399777575
-0.19476107649050278
-0.17944942503894157
-0.20905628077269967
-0.216135956196724
-0.20985550876018833
-0.20378972922288385
-0.1974092423820193
-0.18492010619675514
-0.17389315669445216
-0.1637235841211988
-0.1895690189849497
-0.19246231780078782
-0.1841326326298467
-0.17701022879817363
-0.17007912517890134
-0.15833230963985545
-0.14933961643229265
-0.14926565189881646
-0.16791603572843172
-0.1658481745947682
-0.15528149916639844
-0.14704487724188753
-0.13953203466340303
-0.12853031769176737
-0.12425755006068195
-0.13435670701253488
-0.16262547399313876
-0.16048478051459636
-0.1499435495264163
-0.14172667477500256
-0.13422565112958673
-0.12322921208716187
-0.09663324503747694
-0.11791724475925913
-0.13846583564404802
-0.1308609809435768
-0.1179082574716166
-0.10847782883885526
-0.10031127343784396
-0.08982396035672302
-0.06484516270213758
-0.09902130330532777
-0.1099907374477127
-0.09655411856469742
-0.08100590905064053
-0.07022751793456083
-0.06126114651698522
-0.05085795725083897
-0.02713229360657854
-0.07653964572586935
-0.07678218262165926
-0.05723868041677593
-0.03883756599759858
-0.026509989905583398
-0.016543490683995632
-0.005632222016806798
0.018899680434361854
-0.044823975322486165
-0.03553517999774214
-0.00963488528437928
0.012002948769218591
0.026179354785566544
0.03740510378360962
0.04956015364576216
0.08041487112480361
-0.0036274446008501826
0.02094554726770692
0.05346791992356403
0.07881040974332565
0.0952159502907779
0.10803781722514771
0.1222522891130009
0.1611176426893134
0.06208106153905146
0.09551092469142486
0.1356115290486677
0.16575148213896707
0.18517741124733
0.20024575901960184
0.21768723051365224
0.2810129737008811
0.13860143044164652
0.2203213609305742
0.2693204756983909
0.30567309393752096
0.32912762032668175
0.34723872660996447
0.3692273444856432
0.41420135632364596
0.7270263614310262
0.6603504088838017
0.7110672118483494
0.7480489074861296
0.7714693358394022
0.7891406894486219
0.8110718770181593
0.9861298572627497
-0.039798591506975844
-0.054888740985024276
-0.06589288761486456
-0.07437321369547956
-0.08110097729561172
-0.08652922156881271
-0.09097633346691536
-0.0946615455811366
-0.09772783524350848
-0.10025614620324608
-0.10222112137386352
-0.10338369469618125
-0.10315347736324187
-0.10039913717780702
-0.09359831679768438
-0.0808550623262132
-0.06079380164964787
-0.046559083904387455
-0.04040938699866681
-0.056883828004354875
-0.06867873430486382
-0.07773653838231809
-0.08487724177646871
-0.09064563602164011
-0.0954018914748942
-0.09939880437311532
-0.10278836190945184
-0.10566376429670687
-0.10798757461880504
-0.10943402741822461
-0.10917716868520255
-0.10591194928015102
-0.09816121016100587
-0.0844973558500115
-0.06359874847245761
-0.045841970339299154
-0.0952499100177997
-0.11926752624572301
-0.1250405691487022
-0.13009805853267253
-0.1350685864098724
-0.13987636401887849
-0.1443303360251167
-0.14825488816272125
-0.15135740036406853
-0.15330624068147647
-0.15371033542743162
-0.15219676242729063
-0.14827477312753068
-0.14138207888819254
-0.13101488339190848
-0.11717180091630097
-0.1003379605134247
-0.08139859004541972
-0.06145494122942674
-0.03814343029622802
-0.11573926924430644
-0.13742665160806622
-0.14521186432742206
-0.15169254519486453
-0.15789683228230111
-0.1636377372515192
-0.1686436524996231
-0.1726951230180196
-0.1755160260890276
-0.17681503414109478
-0.17622516305759728
-0.1733658157820781
-0.16769431525206535
-0.1585438651166753
-0.14531504044543553
-0.12785060009969373
-0.10653292919134216
-0.08243102467725416
-0.05760374235397592
-0.030399046467228574
-0.1459925551302108
-0.16960659999273875
-0.1803153778262414
-0.18915187220098284
-0.19715894978715842
-0.2038738378717424
-0.2090419164570143
-0.21254894419439507
-0.21427781437582616
-0.21408924487139624
-0.2117187715574118
-0.2067776770287333
-0.19857310740902134
-0.18613178346891823
-0.1685250465017627
-0.14527356695570703
-0.11657423251814447
-0.08363862762125707
-0.04985392598386662
-0.015705665263163082
-0.18255930869049442
-0.21113383978078004
-0.22747422296583197
-0.23983569666882532
-0.24925539550025566
-0.255758419732669
-0.25953752143274
-0.26095163114509634
-0.26028749522607586
-0.257656061636206
-0.2529722019484124
-0.2457766439426936
-0.23502960769556402
-0.21912843777905322
-0.196475530198567
-0.16620230503676003
-0.12837052152652073
-0.08419939339284066
-0.03830386675320874
0.004603106366015797
-0.22450715686947031
-0.2642621757248278
-0.2894061116734614
-0.3042174712466541
-0.3122918321132495
-0.315448967220912
-0.31504629537345075
-0.3122133665451101
-0.3077068138182466
-0.3018811836959596
-0.2947260304203274
-0.28566367792813674
-0.27302261197614364
-0.2540916624902432
-0.22619552959985123
-0.18822372987425529
-0.14044073526230694
-0.08392044159631973
-0.023886012536251888
0.028616417051978815
-0.2744137174360335
-0.3401480483881807
-0.3730460026558793
-0.3835700873708019
-0.38383359039212617
-0.3786407151323803
-0.3706907333892826
-0.3616320832714679
-0.3522487427780061
-0.3428941679761295
-0.333483335754164
-0.3233299452514937
-0.30989799144399277
-0.2887476189500564
-0.2555957616913276
-0.20954062745799695
-0.1517223514941648
-0.08291864391977533
-0.008017477611571788
0.054107779297185465
-0.3708665077928883
-0.4660209773345949
-0.4884880962205205
-0.4775697384732489
-0.4597268994008141
-0.44068163215720135
-0.4224770810948153
-0.4060901668326289
-0.3915240641684372
-0.3787405871412277
-0.36747683559957145
-0.35720372082537044
-0.3443123703905753
-0.32198130994237273
-0.2835338870805906
-0.22906713117420296
-0.1615698030961037
-0.08133426699958068
0.007841486744676218
0.07885373789779448
-0.32305787336141045
-0.7243396938904292
-0.6406773611638623
-0.5778502929833524
-0.5316909372274266
-0.49636578516309315
-0.4671831753680342
-0.44385657207100837
-0.4247388373510881
-0.4091101636280914
-0.39642323483235886
-0.3869204629888212
-0.3758331594511848
-0.3532017562752341
-0.3091086432389887
-0.24581001206406694
-0.16924181105551606
-0.0788662924967436
0.02337023083796852
0.07220665820838124
0.010482671737926719
0.00428933469555981
-0.009140371131077796
-0.033195996117946436
-0.10759188503588346
0.01454555932649837
0.007194225741320448
-0.007862033382342704
-0.03252609732718126
-0.08002059739421208
0.02239040625235178
0.011755750801337506
-0.006069812087974524
-0.03148919078475099
-0.06498209392944365
0.032740763314496046
0.016490263677583994
-0.0044644487304252856
-0.030334199427783037
-0.05640202809491979
0.0439171678115986
0.020251493698801193
-0.003391291139427377
-0.029209214382128756
-0.051263946910615976
0.0543028996229451
0.022515117569092524
-0.002881665084000007
-0.02818828896556247
-0.04817675116873055
0.062465120487123604
0.023335192386099823
-0.002809140597777482
-0.02732629328944136
-0.047440905993916926
0.06860115002530354
0.022944235499723353
-0.0030984324181764222
-0.026715355207080238
-0.13286402585858292
0.05200880667824881
0.03146664676174338
0.02947722218751969
0.027127679674112226
0.02387232100500969
0.019783078833412793
0.01504947084634789
0.009730671187760609
0.004013815330703774
-0.0018652346504981487
-0.007587439783242056
-0.0127509475041514
-0.01680603866080088
-0.019056507818807633
-0.018923249991909863
-0.016220356499320188
-0.011137812418243742
-0.004163164066177449
0.0036618221407360707
0.010917774520461276
0.06168981920370198
0.051696541117003614
0.046007196863502964
0.04032634097948362
0.033950097561200154
0.026820163215878767
0.019008997256958038
0.01063771721254747
0.0020000538958421243
-0.006537112679238399
-0.014533818343951621
-0.02149662544857689
-0.0267645670397334
-0.029542479392818954
-0.029093595303488984
-0.02505845385565486
-0.017556382374862123
-0.007254456877179294
0.004123528811660004
0.0145062744021488
0.08832216977027663
0.08860774596388821
0.07414877781112594
0.06213944827621076
0.05005389992346465
0.037237793179416
0.0237762343491964
0.010082983173831384
-0.0033691566860132305
-0.01610428349062043
-0.027579637307280525
-0.03722642684847055
-0.04426615452171401
-0.04769898073266288
-0.046431518040385145
-0.03980422509727943
-0.027807341920043083
-0.01129111153310225
0.007031380343307747
0.02301301127530264
0.13551312658807824
0.14119380644639
0.11249727401113796
0.09077474872984992
0.06958857072979063
0.048038945956459966
0.0266679193115692
0.006199976158933418
-0.012917358688055325
-0.0302848743197206
-0.04551596189026408
-0.05806751547625533
-0.06704172688334475
-0.07103893791756732
-0.06836022087559357
-0.057979827531099204
-0.03980412190770943
-0.014765750864008664
0.013407375687528256
0.03640283487738649
0.20907927309057406
0.20912047373947373
0.15962294851618597
0.12301600042489258
0.08823517305441697
0.05528598894169312
0.024932874612235034
-0.0023715193194899786
-0.02669417699924037
-0.04809579573975986
-0.06659820787083004
-0.0818931214400398
-0.09284370916389517
-0.09729779946446704
-0.09261678606792545
-0.07747079710460336
-0.051986119239674666
-0.017042460877720877
0.02303302816938213
0.05356928422637608
0.31933795602585147
0.29270994206024536
0.21200837271945294
0.15265474202650053
0.10044213050500561
0.05544678639915135
0.017068866499558855
-0.015600565568034463
-0.043618683869368624
-0.0678207333098908
-0.08877732381941605
-0.10652508990403642
-0.11958878301334153
-0.12455175890130121
-0.11731885449086499
-0.09657606018322196
-0.06326037117125605
-0.018073184378793572
0.03493908579066707
0.07278093548384834
0.4851971156281145
0.3903736019373525
0.2601336374462866
0.17086642503962168
0.10153912373456442
0.047108790908409026
0.003576650155628802
-0.03207848673060609
-0.06198397764541008
-0.08767575072842981
-0.11024421668158624
-0.13028052838265047
-0.14580058803409135
-0.15152890786479767
-0.14119167721843429
-0.11413046323001308
-0.07295922119146292
-0.01800347219157783
0.04793626784865157
0.09212513027815572
0.7023661075558054
0.24017273385947746
0.2796451068516096
0.16848682899001688
0.09012158927905334
0.03161367050256325
-0.013340499024377506
-0.04978197664522166
-0.08021316236700304
-0.1065283100339196
-0.13006949866503437
-0.15239072933722064
-0.17078420437063846
-0.17742114712975887
-0.1631715262563458
-0.1291248342559399
-0.08046149642252165
-0.01669656252897811
0.061391594772970626
0.11068489800844572
0.046331655258556204
0.11580366521297991
0.05623924008955494
0.021660144318986774
-0.0005768350834780556
-0.017742300429282043
-0.03895171977446865
-0.03520510022256218
-0.14295990758745813
0.03190926639845948
0.027007804883309117
0.008099261531991697
-0.007843903533808927
-0.021982605141657396
-0.0416403232275393
-0.037415229432529395
-0.17811403204807386
-0.04422519352211296
-0.00873178161827548
-0.00920601202476612
-0.016999574292373643
-0.027153119518716462
-0.044781232098508594
-0.03838316326791946
-0.17395951070567905
-0.09316455245046718
-0.04421451361483353
-0.029013170422354406
-0.027821692389029984
-0.03316626376047349
-0.048278095779603625
-0.04035732754635646
-0.1576810687995489
-0.11341411957121461
-0.0706241309340141
-0.047738248695620156
-0.039019400237854995
-0.03944112895988505
-0.05176579974683038
-0.04422628824522312
-0.13519805577231647
-0.11293453623024274
-0.0829979405839052
-0.06076532955801639
-0.04820739093080806
-0.04479130286830313
-0.054566369372069046
-0.0516972250660821
-0.11131622340014813
-0.10139099002047902
-0.08278657755149266
-0.06543859813007868
-0.052922456234755666
-0.04770915190107705
-0.05582407071938866
-0.06632540293687783
-0.09210831423942634
-0.08842485825235391
-0.07650119162399349
-0.063456336257252
-0.052638543016189754
-0.04742698958727276
-0.05511403943268456
-0.09583099680036766
0.05111656921435892
0.04759309615913998
0.044564023667802766
0.03902658465590969
0.02973686573676315
0.016093926493944144
-0.006029880270357113
-0.09209986217663912
0.06376481373702869
0.06198280200650552
0.05556989927942191
0.04468501279358916
0.03039549760278948
0.013431899316692752
-0.010304925930155306
-0.08461015650353221
0.0926676448763073
0.08919524932325185
0.07307869459226668
0.051943895333684265
0.0303510916786911
0.009505341370878218
-0.01578402246611832
-0.07851314817357213
0.13885661325785814
0.12527490130226315
0.09068809212375095
0.05630512116023012
0.027973538777924523
0.004561912795775558
-0.021343196340048554
-0.07303957006841788
0.20088252022567643
0.16202227761093313
0.10158363359530165
0.05531566582230085
0.023191166057096035
-0.0008221417841691725
-0.026378338086983755
-0.06840520672930217
0.26821184944857146
0.1876661654612095
0.10146987549703013
0.04924264424537039
0.01696854062883124
-0.006039147168412473
-0.030634119241113256
-0.06465244672061043
0.2947713002171276
0.19110304915654752
0.09058496222996804
0.04010899112349031
0.010427388128653514
-0.010694813908473488
-0.034084031650617685
-0.061792817209701534
0.17673802098493885
0.1628729798468822
0.07283719635491326
0.03002976753966413
0.004302432349319374
-0.0146449878585444
-0.03681513327893415
-0.06411961727559157
-0.04174817505404804
-0.04097856901115127
-0.0101065113027492
-0.02411965766649149
0.029271676830120996
-0.009980277710184726
0.10973720948152432
0.11196961251091653
0.10549675503972389
0.09967252036833985
0.09649240206301679
0.09277075650090616
0.08826436252712411
0.05701159968792513
0.008668550606549807
0.00041736394952618383
-0.011551656909626562
-0.019479142040256914
-0.02188490263622489
-0.022274581767799617
0.04029572330490283
-0.023415893981882707
0.00969886740748005
0.0012746805749087597
-0.010741826245510344
-0.018683476283971157
-0.021096367228201407
-0.021483191219196396
-0.07361192093243885
-0.09280814173539209
-0.09083175485087458
-0.11219258861634396
-0.13020251954733242
-0.14031634431894435
-0.14181610228255304
-0.13747732438726512
-0.17251032175421366
-0.154758753485027
-0.17943042235562223
-0.21329698150137655
-0.23713833022586295
-0.24943137757892142
-0.2501430035783285
-0.2406597770107506
-0.25848083516341647
-0.20857973260422624
-0.25633196242646883
-0.3011334087807953
-0.33025178643945585
-0.3446571314188116
-0.3448774271099515
-0.33061258304583085
-0.3315102892753996
-0.24570120357884861
-0.3413924719897916
-0.3999765791381047
-0.43647587678491817
-0.4543757515059008
-0.4549272808991365
-0.43483380472098365
-0.3829563478427662
-0.25923770016406356
-0.35092599038254835
-0.4127860559044343
-0.4512922392457066
-0.470484176418831
-0.4719119423741498
-0.4514686877006897
-0.40645440803917143
-0.26015150140424437
-0.35061642118238834
-0.41405282846040725
-0.4538794037175029
-0.4742255312028274
-0.47691032443925985
-0.4575453782894485
-0.41554236798651734
-0.2592419265153809
-0.35405130430205256
-0.4183054054311215
-0.4593097372227888
-0.48090979946398194
-0.48519306738938295
-0.46798388653870915
-0.4232717672457771
-0.2612562497725528
-0.3579748746479441
-0.42235392962141804
-0.46441583739323766
-0.48735019327025686
-0.4935171092188071
-0.4794861431369706
-0.43556234385876147
-0.2647841834502329
-0.35687134087170436
-0.4213370378842014
-0.4634076347749536
-0.4863372009007023
-0.4924930078159775
-0.47845659130435436
-0.4512588532279682
-0.2698750584959635
-0.36200930369568396
-0.4261576413913346
-0.4693504870848655
-0.4937828986681203
-0.5021051854223166
-0.49214823601240565
-0.47100401505413547
-0.27673931751700853
-0.3674250603438338
-0.4310797769609511
-0.4755891755856012
-0.5017381429598782
-0.5125052943244706
-0.5074796222147113
-0.49586295699385907
-0.2865730958722874
-0.3749980280095122
-0.4383844707875366
-0.4846861649124117
-0.5129347539346403
-0.5264955553520101
-0.5272343265421593
-0.528570083128272
-0.29697959272021635
-0.3842701841991929
-0.44802886138136055
-0.49686786594605015
-0.5277905553935112
-0.5446469184615277
-0.5520804010280917
-0.5685209952973986
-0.31464200292204825
-0.3906592798775024
-0.4557755611869281
-0.5082066934422533
-0.5425775765005691
-0.5634037544842241
-0.5787013304122173
-0.6283739613945736
-0.34234448061894507
-0.4075534602472295
-0.4769791330467301
-0.5357324190146153
-0.5755175995747661
-0.6018661265568701
-0.6271931161088578
-0.7242385288433841
-0.38803013094436856
-0.42110790673832166
-0.5000925405994405
-0.5700534718495278
-0.6187940023419221
-0.6536098510014743
-0.6932746827889282
-0.868900793857579
-0.2643547163951214
-0.2168433743247431
-0.32314097313808077
-0.4205575092256699
-0.4902767446875935
-0.543684845733803
-0.6123790792221595
-1.3774344913027097
0.12237354524755506
0.12397467197871093
0.13196458739897743
0.1322623994834441
0.13026713404931733
0.12776291101002746
0.12382635104101802
0.11415344617416656
0.059888834378269196
0.03363546320707533
0.03393191000872253
0.032722507266472745
0.03143601123392059
0.030042918599324397
0.07617345719449076
-0.01833887790463984
0.029660355482502454
0.03398855624529873
0.0342794918939886
0.033070655880089506
0.031785198022706074
0.030389138023654394
-0.011070903972262736
-0.08179817548642565
-0.05690948028639076
-0.05751305873779877
-0.05721381462208175
-0.05746219331629998
-0.05732642800865806
-0.05520007051696174
-0.08218798493120105
-0.13352186714012992
-0.12981138611505183
-0.13528700765524615
-0.13483734172949746
-0.13406463686522807
-0.13249519928101838
-0.12664821760934997
-0.1389410240563289
-0.17401206344185494
-0.1887970972019235
-0.19817232311860566
-0.19728232048753114
-0.19544247324521713
-0.19251327627201453
-0.18334566851696876
-0.1813672693345243
-0.1952480661856404
-0.2414538853759034
-0.2533987616918534
-0.25046056596872157
-0.2464308965898674
-0.2413335226151414
-0.2284890758865945
-0.20117102289679334
-0.1933823065216067
-0.2305228038434941
-0.24076388954708206
-0.23628160802913167
-0.2312202448331384
-0.22540900406496145
-0.21240567905926588
-0.19476091913234983
-0.179456298618762
-0.20906434803861318
-0.21614267159417833
-0.20985898581020646
-0.20379150371114196
-0.1974101857374173
-0.1849207946016016
-0.1738935155432597
-0.1637284311879741
-0.18957631080532633
-0.1924686310022521
-0.18413593046912347
-0.17701207469284697
-0.1700801305993842
-0.15833301053675863
-0.14934061406989918
-0.1492695701086022
-0.16792257715801173
-0.16585426514655377
-0.15528503911389313
-0.1470466100836405
-0.1395331130591959
-0.1285310859868758
-0.12425893695503354
-0.13436076875424297
-0.16263203999637965
-0.16049084242073142
-0.14994707896965287
-0.14172841137546177
-0.1342267213875783
-0.12322996939431174
-0.09663428182576528
-0.11792156858256742
-0.13847254410616028
-0.13086684065837484
-0.11791188307828926
-0.10847950508469562
-0.10031235586976028
-0.08982474501782689
-0.06484567032801691
-0.09902473687389213
-0.10999646846764022
-0.09656006118879024
-0.08100940420742431
-0.07022949458313854
-0.061262302776553756
-0.05085874761595721
-0.027132843976660936
-0.07654344957726011
-0.07678771361164816
-0.057244453634684334
-0.03884170723398683
-0.026512297330850476
-0.016544745683763518
-0.005633096709815932
0.018898898552576204
-0.04483111069501855
-0.03554148636085719
-0.009640957794348148
0.011998644054838858
0.02617691018206414
0.03740376113828259
0.04955921207684222
0.08041405681320357
-0.0036352952492020307
0.020937895304218634
0.053461418177848774
0.07880604860129559
0.09521351820351376
0.10803633811055369
0.12225131860722349
0.16111681698128422
0.06207943467552335
0.09550264862107194
0.1356042769051169
0.16574666021641948
0.18517472629734177
0.20024413178516653
0.21768615688360704
0.28101217834431746
0.1385996356180489
0.22031658094499518
0.2693126846685431
0.3056676038784174
0.32912451261543185
0.3472369346159525
0.3692262092299923
0.41420048502586415
0.7270124155582977
0.6603431322641979
0.7110612461052974
0.7480440263665991
0.7714665233615023
0.7891390529214133
0.8110708250344121
0.986129470667204
0.029232748342695847
-0.11647469950657596
-0.13863176743323802
-0.14073472829975708
-0.14311197449370106
-0.14571363111582758
-0.14851280209718665
-0.15177828136171545
-0.15677131708748315
-0.1385199984854777
-0.1546380560913745
-0.15925018259840895
-0.16453664465195494
-0.17025985823451628
-0.17589827576629524
-0.18054087682596442
-0.18307479740909471
-0.01793584424612682
-0.06508257798253103
-0.07184503210618809
-0.07975889084784282
-0.08855229172603929
-0.09750668770536941
-0.10511948140218141
-0.10885653787840366
0.16252348416242368
0.09608086811905991
0.08694417372595853
0.07609432898214019
0.06377963010679255
0.050905073193431294
0.03948561026276798
0.03334365269816819
-0.11028808505315313
-0.11677333556524916
-0.12338763454206658
-0.12896609314480023
-0.13329855553322334
-0.13653388510788367
-0.138931529921559
-0.11438974769354049
-0.09738953589789112
-0.10390431777293418
-0.11333401327102766
-0.12266594266757513
-0.13070982301647627
-0.1372334858670352
-0.14237235142401872
-0.13495457713970493
0.008076739911979103
0.0036156878124801173
-0.006929062617998305
-0.018439709232225265
-0.028877124216610373
-0.03762991707755958
-0.04470260444443608
-0.013432923858887502
0.17906154969330224
0.17922068277607417
0.16980274091784198
0.15739806750339758
0.1453020575159668
0.13474636650077065
0.12599701817216702
0.16765107033297544
-0.16785840899300286
-0.16558673768785304
-0.16787775589703124
-0.17456955408741903
-0.1883009042203061
-0.22340855435269913
-0.7179445149700536
-1.0179538516802022
-0.2139789418439042
-0.2208294216605846
-0.23717997259165968
-0.26896482537454225
-0.34266067667353095
-0.6151723780373357
-1.874625290290822
-1.6958126441962413
-0.17887253401288739
-0.1946768158149803
-0.22946944290877314
-0.29968009804731355
-0.4373405759384956
-0.6499379552407516
-0.82299122209912
-0.6274774284706175
-0.09933451686085037
-0.13015489793431567
-0.1798464795193211
-0.237638843312594
-0.2789577028595229
-0.28253516103595744
-0.24890409528422186
-0.12318681182335545
0.15176817522908514
0.15958369150839646
0.17125137574820848
0.18839714886696768
0.19846039568217388
0.20737700867115205
0.21496991612347727
0.2210847116011806
0.31090241293546017
0.2973807488219363
0.28185039092191333
0.2645281438881365
0.25167364078298593
0.2411563218250793
0.23278408543991225
0.2263783923215723
-0.04566411500278433
-0.07107604926418243
-0.0969706859421211
-0.06825961778713996
-0.063743713794425
-0.044617444065490286
-0.01776161135259846
0.013339023024197538
-0.0952497926449356
-0.11926786232772635
-0.12504082301735253
-0.13009840315254162
-0.13506877284516916
-0.13987653556538104
-0.1443304123727398
-0.1482546762645296
-0.15135717742723243
-0.1533059961662151
-0.1537102355324651
-0.15219675631324603
-0.14827491320277364
-0.1413821498522294
-0.13101494669326152
-0.11717172997665548
-0.10033762956167402
-0.08139842161943456
-0.06145497359192187
-0.03814338947796059
-0.11573758762358999
-0.13742852149479678
-0.14521327281209073
-0.15169691153632314
-0.15789756477329409
-0.1636398062377613
-0.16864309336728223
-0.17269282085950688
-0.17551509696888745
-0.17681235153000818
-0.17622544349990266
-0.17336649276096971
-0.16769464924610689
-0.1585448136313854
-0.14531623140500627
-0.12784940204744344
-0.10653107640163761
-0.08243137845879156
-0.057603900272454656
-0.030399098575039973
-0.1459892085958303
-0.16960207570971253
-0.1803184648057654
-0.1891641608135406
-0.19716162452371666
-0.20387961743953276
-0.20904151532686766
-0.212546156276046
-0.21427426340596267
-0.21408373776342993
-0.21171836503158636
-0.20678047013147394
-0.1985741941541157
-0.18613326149266873
-0.1685253703919425
-0.14527254365223707
-0.11657203582346609
-0.08363803042425788
-0.04985582026052837
-0.015705448214817785
-0.18255158293380047
-0.21114498302274765
-0.22747654357433378
-0.2398289084225409
-0.24926284625496287
-0.2557626301505296
-0.259539112067952
-0.2609557753610432
-0.2602796909991001
-0.2576526741840801
-0.25297022434709104
-0.24577992389740677
-0.23503322069266286
-0.2191282446764613
-0.1964745565212005
-0.16620175601077958
-0.12836869318302657
-0.08419743867073026
-0.038307040507680634
0.004603608426032135
-0.22450256769889254
-0.2642664137386581
-0.2894141171971276
-0.3042109638322317
-0.3122914560873915
-0.3154436090604702
-0.3150437325393076
-0.31222514280729863
-0.30770514543701544
-0.30187606726058
-0.2947255520046057
-0.2856642951963353
-0.2730254823547906
-0.25409022571140905
-0.22619571258911875
-0.1882244901126371
-0.1404378787005458
-0.08391889060204138
-0.02388764083181938
0.028616644078369946
-0.2744190578834451
-0.3401275459044202
-0.3730356671018027
-0.38358083896732054
-0.3838345232988616
-0.3786310243643509
-0.3706877215355602
-0.3616370460773899
-0.35225552847628894
-0.34288938019494
-0.3334823449148374
-0.3233333509780032
-0.3098947566994452
-0.28874493800154344
-0.25559769819688927
-0.20954301134917364
-0.15171861546934196
-0.08291687186480501
-0.008018539931243573
0.05410758191357612
-0.3709048267303616
-0.4660186506199089
-0.48846092072859215
-0.47757175527385964
-0.459734676801266
-0.4406802301461583
-0.42247352161351204
-0.40608073555778956
-0.3915320705973415
-0.37874758729349534
-0.3674734200498335
-0.35720521997696464
-0.34430630697035514
-0.32197875634957485
-0.28353677022900614
-0.22906958953595624
-0.16156723021230457
-0.08133202408241247
0.007839596612461475
0.07885340602492741
-0.32307006497836377
-0.7243810806155044
-0.6406691731555718
-0.5778481842397363
-0.5316920934367728
-0.49637275462538955
-0.46717843451176355
-0.4438447643328076
-0.42474496658518635
-0.4091229826113578
-0.3964207864511735
-0.3869163189525311
-0.37582867065117576
-0.35320100963206214
-0.3091103971129774
-0.245814419075163
-0.16924026730930408
-0.07886379140954825
0.023367521869952945
0.07220346941341393
0.052008870748099345
0.03146647675020353
0.02947689048682267
0.027127401417470276
0.023872009228837587
0.019782970575031533
0.015049357503749694
0.00973074202130364
0.004013983183853931
-0.0018651463907326526
-0.007587554625172466
-0.01275103052613491
-0.01680621546798533
-0.019056830671884795
-0.01892341945586784
-0.016220284608762014
-0.011137730919752231
-0.004163288665208986
0.0036616698873032094
0.010917691218437553
0.06169150494973119
0.05169558063622326
0.04600622313935876
0.04032325239773382
0.033948533719270424
0.026818712816318757
0.019007935711598756
0.010639680862063572
0.0020003264938894816
-0.0065351844807870485
-0.01453388477602613
-0.021497760115494646
-0.02676498737128008
-0.029543359836057492
-0.029094970404476284
-0.02505855662472878
-0.017554777816597866
-0.007254883663747602
0.004122519558420024
0.01450615803131472
0.08832419863592844
0.08861298787679217
0.07414892984193022
0.06212996033543994
0.050051437606661975
0.03723346491669832
0.023774765770911865
0.01008579643837404
-0.0033677768168438593
-0.016099787794487064
-0.027579192749928483
-0.037229170182753624
-0.04426781647403888
-0.04770055077639079
-0.04643275576796513
-0.03980354553573284
-0.027806137965947775
-0.011290833499345121
0.007029111743779293
0.023012646940725467
0.13551972941406432
0.141186978896518
0.11248860223778256
0.09077618651859443
0.06958510917835181
0.04803490874924665
0.02666748993041479
0.0061955217614984015
-0.012911978983316752
-0.030281367017976235
-0.04551569061402505
-0.05806937956022029
-0.06704605312072287
-0.07104004714672096
-0.06836054982748663
-0.05797933082542728
-0.03980316580745491
-0.014764422380093789
0.013404493449979626
0.03640250023948677
0.2090812288307241
0.20910872987176166
0.15961864365214273
0.12302243981307337
0.08823280687242907
0.05528627208361514
0.02493716181693817
-0.0023802100520340375
-0.02669443204881561
-0.048091867583699655
-0.0665993486275116
-0.08189415144201129
-0.09284641231929003
-0.09729783278253534
-0.09261711129901129
-0.07747272352544243
-0.05198415612269902
-0.01704162849479296
0.023031118768296444
0.053569248916874423
0.31933054032888963
0.29271429418745276
0.2120082604196083
0.15264736048640493
0.10043801470426028
0.05545470049838419
0.01707367938093718
-0.015605704473770743
-0.04362710683913007
-0.06781890950213665
-0.08877451120262814
-0.10652936516464684
-0.11958826305281045
-0.12454960010032146
-0.11732035843075783
-0.0965794922129537
-0.0632577506640788
-0.01807202466536517
0.03493727531994384
0.07278063159928405
0.4852046475055355
0.39037934192892365
0.2601503001587525
0.17087057490420865
0.10153225574353308
0.04711021853429176
0.0035745139401515136
-0.03207575254627826
-0.061988156249278115
-0.08768179722961955
-0.11024137936150957
-0.13028332801786702
-0.14579799984785047
-0.1515262727606872
-0.14119419289621105
-0.11413392438223902
-0.07295790880460862
-0.01800153469431942
0.04793425786350447
0.09212460267188227
0.7023842093761048
0.24023297826664047
0.27966079587149517
0.16848163492707546
0.0901171348169103
0.03160992289330511
-0.013342838939432555
-0.049773058319293684
-0.0802148431238463
-0.10653824318259386
-0.130071289167069
-0.15238894405588144
-0.17078047492169723
-0.1774208185694437
-0.16317357248092068
-0.12912807671395132
-0.0804609758857282
-0.01669462844673375
0.06138900894715116
0.10125916151365899
0.04634724657647338
0.11580156235702699
0.056238050694376596
0.0216592734045552
-0.0005774618172555979
-0.01774271959245355
-0.03895190452229236
-0.03520060980248041
-0.1429513655568171
0.03191535733197326
0.027011065817357682
0.008101441656899522
-0.007842205310118144
-0.02198117543466349
-0.04163898794456733
-0.03741906940526474
-0.17811988360983344
-0.04422803167445344
-0.00873413107222576
-0.009207518440740303
-0.017000514995546778
-0.027153771077885747
-0.044781597889334446
-0.038380455017730464
-0.17395680036375016
-0.09316216960540324
-0.04421348098005673
-0.029012804510622603
-0.0278213300457002
-0.03316590186422741
-0.04827765660011196
-0.04035728859750609
-0.1576771027008146
-0.11341275977203868
-0.07062333005055632
-0.04773784812787207
-0.03901908451709368
-0.039440818154207635
-0.051765417650547985
-0.04422599469526167
-0.13519610851153763
-0.11293332772427545
-0.08299719192798616
-0.06076483687252354
-0.04820702179019554
-0.04479097936020482
-0.05456601121222615
-0.05169676271794987
-0.1113151064791178
-0.1013905091937346
-0.08278629998999354
-0.06543842912509135
-0.052922325366147493
-0.04770902396894128
-0.055823902671206405
-0.06632560807461574
-0.09210820041440804
-0.08842475443885678
-0.07650110187243087
-0.06345627062607395
-0.05263848984614872
-0.047426936370025485
-0.055113974520307085
-0.09583095316184753
0.051116612358757196
0.04759313585591829
0.0445640468810361
0.0390265926574932
0.02973686969742706
0.016093953809286576
-0.006029851413434262
-0.0921068892170207
0.06376558550758715
0.061983034678362414
0.05556997931593721
0.04468504787455563
0.03039552270646939
0.013431982068494275
-0.01030479295672504
-0.08462589274739907
0.09266861225191969
0.08919567698894393
0.0730788669246566
0.05194402135804055
0.03035123345031132
0.009505550791198525
-0.015783698479401087
-0.07851619343705862
0.13885789565012718
0.12527509058088715
0.09068819189031829
0.0563052531734517
0.027973721328349077
0.004562176475441437
-0.021342778783542515
-0.07304172986128155
0.2008839944791967
0.16202226073351866
0.10158380872100303
0.05531589484224686
0.023191433710309628
-0.0008218085442253109
-0.026377871031052047
-0.06840101284031386
0.268210691383985
0.18766522237585193
0.10146882661085266
0.04924176291229798
0.016967830417429774
-0.006039670055286717
-0.030634434362644125
-0.06466423198061166
0.2947727713597079
0.19110578065582384
0.09058685772179942
0.04011050579399744
0.010428698365392064
-0.010693609629985668
-0.0340828350126392
-0.06177794848704199
0.17673239429611287
0.16287147396994917
0.07283626661982456
0.030029039828038506
0.0043018862656726276
-0.01464535308369741
-0.03681527556292696
-0.06413208747420063
-0.11647387746629945
-0.13863044662190904
-0.14073324307363166
-0.14311156793704405
-0.14571159215387164
-0.1485119083239157
-0.15177803537240986
-0.15677129439961202
-0.13852864478410387
-0.15463862681293117
-0.15925052656643346
-0.16453485727810402
-0.17026009623647154
-0.17589739989127695
-0.18054092158419244
-0.18307480694721612
-0.017949087880827275
-0.06508929639654992
-0.07185270813155054
-0.07976129951899846
-0.08855787025478135
-0.09750980659303177
-0.10512012403960402
-0.10885699363373758
0.1625641215623317
0.09598264022848413
0.08693818558270905
0.07608943094215503
0.0637774250966463
0.05089924546979019
0.03948364945689509
0.033341990604358496
-0.11036040608574194
-0.11670619361204149
-0.12336061953657618
-0.1289520857607349
-0.13328749889010716
-0.13653030310413783
-0.13892568202240518
-0.11438852797071841
-0.09791964654889274
-0.1039454491581242
-0.11334342164121392
-0.12266896707567865
-0.13071309703898248
-0.1372353508392532
-0.14237446213542748
-0.13496523534212468
0.00872988807758468
0.0035413326859354832
-0.006970543834068366
-0.01846570513206447
-0.02889591840101935
-0.03764277911234282
-0.044711508293685975
-0.013437014608766784
0.17845893909692745
0.17925532470436356
0.16981562948641915
0.1574042567413595
0.14530413127063435
0.13474723185094628
0.12593598271614292
0.1676770736684703
0.15176820795493562
0.15958417769552835
0.17125296143076507
0.18839981029955954
0.19846485095462285
0.20738331560595802
0.21495460903379848
0.22118386891887787
0.310918681172209
0.2974099394668005
0.2818770576631604
0.2645493152610656
0.2516905854954492
0.241170173411265
0.23277549360714223
0.226507037547099
-0.044744774583935776
-0.051442851499435394
-0.062183835922144715
-0.0706383948545144
-0.0774672385577504
-0.08304417717192147
-0.08762848375170673
-0.09139125178444907
-0.09443208442130224
-0.09678914259388982
-0.09838498723105249
-0.0989501315100243
-0.09794152005030088
-0.09453121699272748
-0.08765978160927035
-0.0757975443164085
-0.05739374321821944
-0.0481322322599933
-0.041122651231285445
-0.04854737724294966
-0.058715176104308764
-0.06722518135366906
-0.0743017650642539
-0.08020079133983482
-0.0850958885662727
-0.08911894623396854
-0.09232167506240074
-0.09470683924225476
-0.09611200141091936
-0.09614466845082537
-0.09416286230149185
-0.0895631338013756
-0.08184313334863291
-0.0703274210244138
-0.05372186199323603
-0.042546585432196915
-0.03907154135718893
-0.040109291882338916
-0.06304290071457141
-0.03283915072983934
-0.03982820460832426
-0.054894191721661434
-0.0658967195221325
-0.07437462736621514
-0.08110026121453418
-0.08652880111006711
-0.0909757994253293
-0.09466078110221243
-0.09772665463584063
-0.10025437458103559
-0.10221873357115285
-0.10338093980186724
-0.10315033318435218
-0.10039525457160381
-0.0935923924033144
-0.0808446460164709
-0.06078150669896054
-0.04655670260821432
-0.04043313717140973
-0.056888159303644104
-0.06867744257935149
-0.07773479536049299
-0.08487642957120567
-0.09064483869813267
-0.09540085871307435
-0.09939730897493826
-0.10278617118423616
-0.10566050012862482
-0.10798368953247506
-0.10942998494447331
-0.10917242267629157
-0.10590617962814108
-0.09815175697522327
-0.08448086746868966
-0.0635489273176153
-0.045735524781342685
-0.040777390225668064
-0.040863681354161185
-0.010108257626945116
-0.024062481590005014
-0.04477702286579399
-0.05142938214919757
-0.062184489614107274
-0.07064063838580936
-0.07746690911276621
-0.08304426788789021
-0.08762848247557553
-0.09139128630240623
-0.09443203459816019
-0.09678875016418109
-0.09838394899346303
-0.09894863996253611
-0.09793997205301985
-0.09452955985789768
-0.08765748369340076
-0.07579348434846644
-0.057384492665455644
-0.048122647494858395
-0.04111880481094077
-0.04853597071447524
-0.05870905891970324
-0.06722357017719127
-0.07430229036415348
-0.0802016484103345
-0.08509624695685947
-0.08911989524683661
-0.09232291424447037
-0.0947080439006065
-0.0961122500511351
-0.0961442516639377
-0.09416289050119131
-0.08956374352648377
-0.08184456398302875
-0.07032927594373484
-0.053718380690610745
-0.04254668608602574
-0.03918778281357449
-0.040360464629755954
-0.06305485559080815
-0.03275680369898315
-0.025011171151380518
-0.01907764335383555
-0.01947295605744981
-0.029077627105219106
-0.07023054459302291
-0.01694769148939046
-0.013220195931029854
-0.01662269842380759
-0.027919113953305486
-0.059634416228922627
-0.0035519881648147233
-0.004688477589167794
-0.012883460603509977
-0.026597312527660844
-0.05144610585385756
0.012556258576795432
0.004060667841682797
-0.009474827117462725
-0.025646065909701754
-0.04545448419848297
0.028985121122388602
0.011457974972858165
-0.006879511671602279
-0.025226143016356062
-0.041435560857762344
0.04378617197155754
0.016832141506187615
-0.005122557466731514
-0.025279907188536788
-0.0389865040907702
0.055243782899544236
0.020223053737769447
-0.004039042002692339
-0.025647489401083856
-0.03763458602444203
0.03825826124174947
0.022192957308620143
-0.0033684924092567403
-0.0261223725063644
-0.06719766467227672
-0.10343653718508183
-0.10073320392967444
-0.0957924107029231
-0.08784302754864304
-0.07556552316629528
-0.06419182818737212
-0.4853684859809535
-0.4250111358645108
-0.06893254032168872
-0.06050359793756788
-0.04732674941981618
-0.03125838626873034
-0.034755280260375665
-0.2159772647959317
-1.3843015861872616
-1.2820703029521283
0.07218915760962497
0.08656844602589187
0.09308848208516318
0.06932731989470953
-0.030269657581880827
-0.23757035707110452
-0.4772822342600962
-0.5574904929985898
0.29252642087589353
0.3041496378320673
0.2691810195715276
0.19346163977669684
0.09903959473164292
0.011575347746728526
-0.057038312521758394
-0.15729918243355634
0.4581305535703508
0.4082227318451892
0.33988550034360043
0.2520817535295953
0.18173325820545094
0.12156507335319111
0.07333131004641757
0.035987684765640404
0.010482644793838536
0.004289348637947832
-0.009140248501211534
-0.033194523948173904
-0.10794201404703196
0.014545571397232226
0.007194290927237557
-0.007861767719843815
-0.032524065061202645
-0.08001431075477505
0.022390865194814036
0.011755887132310239
-0.006069517970151095
-0.03148787901106864
-0.06497937786566776
0.03274156320629973
0.01649042374524734
-0.004464167121826845
-0.030333364996585566
-0.05640178718109867
0.04391745402272018
0.02025166282051305
-0.003391024137980203
-0.029208647433021095
-0.05126193937530066
0.05430287034375092
0.02251527255938035
-0.002881429590050333
-0.028187852637302058
-0.04818259263392255
0.062465367887821976
0.023335415666995374
-0.002808862573148607
-0.02732583184144466
-0.047430089995469604
0.038892675080034356
0.022944487731371144
-0.0030981412584862866
-0.026714931301440537
-0.13276619187990013
-0.16781580525130524
-0.16559121854180914
-0.1678795594613025
-0.17456913899996263
-0.18830130462151584
-0.22340849369946203
-0.7179696041413663
-1.0179141918252976
-0.2139913924058079
-0.22083934954379947
-0.23718435737531207
-0.26896717300874706
-0.3426593158927955
-0.61516858446484
-1.8746305065647264
-1.695795214796862
-0.1787723589506851
-0.1946551750365122
-0.22945980967530932
-0.29967653465326793
-0.437319813951186
-0.6499329478435876
-0.8229757832475937
-0.6274564478570361
-0.09951984444316886
-0.13016272977641075
-0.17986106901641707
-0.23764961599234846
-0.27898053100344966
-0.28257098789432766
-0.2489260430193796
-0.12322634922897913
-0.045612659247634024
-0.07115930859366038
-0.0970106399073738
-0.068286372653515
-0.06378304568596693
-0.04466605177854399
-0.017818857529274812
0.013279886219907278
-0.025011101681604586
-0.019077581364002283
-0.019472936404203223
-0.02907835453643548
-0.07038392229555734
-0.016947554172672907
-0.013220005133605994
-0.016622636774912047
-0.02792028339154151
-0.059622097953411224
-0.003551353635597776
-0.004688238175242221
-0.01288334319439799
-0.026597648742347824
-0.051442560432372275
0.012557301648406516
0.0040608484920048316
-0.009474675998362159
-0.025645980797147416
-0.04545371336154291
0.02898562409097738
0.011458133322020725
-0.006879333091799333
-0.025225940952095405
-0.04143432826194071
0.04378628583756772
0.016832289366597197
-0.0051223706943643865
-0.0252796649284861
-0.03898739171325083
0.05524425214927864
0.020223316810780823
-0.004038778766086715
-0.02564715087235636
-0.037634178775102
0.03825848013777988
0.02219317778482499
-0.00336822566245365
-0.02612197301634156
-0.06716957763915055
-0.10342814143567769
-0.10073061960409668
-0.09579024292164884
-0.08784149190249413
-0.07556399634819755
-0.06419011026246313
-0.48537645457949763
-0.4249907375883011
-0.06885378938454578
-0.060497520548858486
-0.04731853184019519
-0.031250670708127704
-0.034754635096928554
-0.21597513796438816
-1.384251557391496
-1.2820187289585498
0.07185964815027635
0.08654459046001972
0.09306566773436264
0.06931215801067858
-0.03028135115205388
-0.23757817112305246
-0.47728719961396604
-0.5574769587458417
0.2929113203816539
0.3041371169708901
0.2691579704646462
0.1934260639723877
0.0990018564795867
0.01153758350133871
-0.05707866735192235
-0.1573268444599798
0.4591195975117567
0.4077640435908202
0.3399308959020573
0.2520531558684972
0.18168364735196652
0.12150714256285133
0.07327088818372107
0.03592255357519314
0
0
0
0
0
0
0
0
0
0
0
0
0
0
0
0
