-48.23677104575754
-67.92525773597674
-83.47143820548912
-95.29941612888031
-102.21041995299178
-105.05680145123021
-105.25068749309175
-104.05579526009303
-51.99631725913561
-72.58493842103182
-88.06185560973783
-99.52267096029736
-106.12733987460003
-108.80772096076076
-108.80902366648152
-107.08109995561495
-51.33765176116397
-71.56799324354549
-86.50810271370175
-97.40785476791096
-103.65492740808054
-106.22477353727398
-106.20258288959366
-104.20708195341095
-47.83456566423892
-66.75721760562567
-80.74142808199267
-90.9247095454235
-96.7784197788959
-99.2870335531131
-99.42305507030586
-97.53955046837503
-42.439484896668816
-59.46266465494457
-72.19430727297677
-81.5532508659428
-86.98912515557049
-89.47110333651214
-89.91963102838255
-88.49600700992409
-35.82731060764132
-50.61857965648612
-61.921783984849164
-70.3937787375081
-75.39723051720891
-77.87122974901841
-78.74181503018889
-78.04836787356253
-28.54627675151881
-40.979083713374905
-50.77792548444266
-58.338358609784265
-62.90288924281578
-65.3722811577036
-66.72341737722276
-66.92485053038385
-21.435674521800426
-31.556782252140255
-39.86142213730401
-46.52189760763676
-50.65078609571748
-53.106228713837304
-54.944007046090256
-56.08700209836454
-14.858098891005485
-22.80148298098856
-29.674558364917
-35.468769024621366
-39.17111861356601
-41.59459167967591
-43.885210328911825
-45.93478854882405
-8.89053316677426
-14.815501739303565
-20.34782631244103
-25.3206930223244
-28.60833402741991
-30.976852875197665
-33.66037994692006
-36.537329705277244
-3.3677132644963366
-7.424691744873987
-11.716151531211999
-15.91428913769567
-18.798523017092187
-21.086804793540498
-24.08902265594716
-27.69666610268743
1.7706048926302924
-0.5594652246342362
-3.713417472784296
-7.183226215245138
-9.674852023913262
-11.857240548026269
-15.096025740582242
-19.32583842391638
6.600557943242699
5.8656768604518446
3.7489028400971067
0.9644914960339462
-1.1437508601681234
-3.1949521567768957
-6.585499317836499
-11.32112540747809
11.162641100878751
11.896757785607518
10.72363031671047
8.586754515707097
6.854480039363815
4.958557433546173
1.5005347478862812
-3.6138231972614956
15.525206782707745
17.60679143724042
17.29490399920099
15.775019799713206
14.414622362811208
12.697473958332328
9.25375512535641
3.8977621923084382
19.75398281002774
23.064715764698764
23.54660975132679
22.622351985965288
21.634203461257037
20.11989022015781
16.76940966781222
11.322653494217322
23.856324829563917
28.27813448227242
29.50364786808401
29.1650240240279
28.555326836755896
27.269637576900514
24.08974622452512
18.720399703603622
28.055042672411634
33.4819975963259
35.43172587581824
35.69115618923689
35.47999083342543
34.45665899698647
31.529989713057702
26.432188245749995
32.508089454694314
38.85573769568228
41.55791905020506
42.46539234028662
42.69714531992388
41.98711629642883
39.41581049792789
34.83832624645083
39.44650219356255
46.868144943450915
50.54901791030915
52.31641279438418
53.14536126239574
52.88426318044787
50.88052577319856
47.278578863887304
1.291279421065178
9.186951005407089
16.705582557932114
23.66358960830001
28.147332551299883
31.054550483539984
34.03340451909276
36.86621536371073
-3.396622244304038
10.16120462047503
17.113464997066963
21.70345739879661
24.741016716121745
27.921765116582264
31.234257103871506
-3.658691335499897
2.0097646246229064
8.973312743859502
15.920607980472887
20.56804080551109
23.665277714280585
26.91043267783287
30.526988781491646
-1.1458237742099335
4.518389752503073
11.524147228762201
18.46710007962608
23.12703464492006
26.221000291537067
29.385923068640164
32.99478117434102
3.094863658932897
9.33462086454662
16.551963774017054
23.485978178478437
28.120984806814214
31.161624439973824
34.12487948303957
37.42822994610002
8.365151729416597
15.56799108774429
23.101163531308536
30.013442343217445
34.59240560180342
37.54207525548466
40.2186338748747
42.99029032828236
14.136722540323788
22.495062113627885
30.381283536333502
37.25035335240382
41.74698892782989
44.57935737716901
46.92474118969041
49.03959206998104
19.605724469099986
29.129919802860677
37.34723674292851
44.14504765326463
48.538178585796814
51.23792997655067
53.24654257936176
54.68922900358405
24.42787788837928
35.009949259555576
43.495534177695774
50.190400722063686
54.46287870625695
57.022482267319056
58.715156015937495
59.54612499535936
28.535378344323814
40.01157128711535
48.678511274385485
55.23771736166705
59.37544482778913
61.79190158045453
63.20270659589665
63.518659048483784
32.09205242968924
44.28316023507875
53.03430677230144
59.425114905641465
63.41559875692844
65.68755900808218
66.85254178279654
66.75767762630734
35.15895868812218
47.88141384308978
56.61743625998063
62.8084292047241
66.6402800151753
68.7665416681669
69.71781548383836
69.31341953800785
37.80192579940087
50.87042435823929
59.495211512458944
65.45660504075947
69.11858349818526
71.09699170898335
71.85864293386318
71.23546129768143
40.0434404993058
53.269537298302325
61.69316066127761
67.39641517055912
70.87682257276856
72.70345391590006
73.289463153392
72.52471667469166
41.916693493355325
55.107067738421925
63.246968032110324
68.66344231790565
71.94901004071426
73.61734319191268
74.0305165150819
73.18077834223455
43.432172601806855
56.38667903439468
64.16630077504878
69.26478592420226
72.33904978712887
73.8391781969551
74.07042143069147
73.16470766769909
44.50707787626318
57.01574435213564
64.36112120152104
69.10509819285808
71.9464232097164
73.26333869221297
73.29110423847679
72.32059679749841
45.172457290089106
57.00333215004332
63.82998841499441
68.1671133984239
70.74169688735329
71.8499443182292
71.63473813731156
70.5367701403254
45.21014902380249
56.083208431812224
62.27422979856484
66.11860611207085
68.3680752831273
69.22174766206012
68.69362436003144
67.33097033946594
45.47536951531524
54.92388811398137
60.191035847924766
63.30197078818351
65.05842555910145
65.52374604807201
64.49039891245137
62.49981217993894
14.312175167422028
13.792184076747988
13.083911593759478
12.198460975231347
11.138853398627106
9.905302460400565
8.495363954911817
6.905191814028983
5.1303013405475
3.1670103265136427
1.0130574918768231
-1.320432042696307
-3.7944739313865363
-6.359485389434168
-8.894265154996067
-11.182697033041194
-12.916840122794682
-13.662214465128217
13.97562030918318
13.295594766753474
12.426242574188347
11.372704329367847
10.137823896163807
8.722416701719002
7.124014704528924
5.3398334837619865
3.3671604294498967
1.2059473687624374
-1.1391651650073276
-3.644553193132554
-6.24904374361165
-8.83444471321119
-11.232616878783597
-13.219567252650537
-14.484176447052176
-14.618054353443698
-21.184500787027474
-22.375537679741225
-23.740806421523203
-25.28491269029962
-27.027226698385757
-28.99240285811297
-31.202203470991087
-33.67882221010106
-36.441175421263004
-39.50200562398359
-42.865285651204886
-46.52100494001164
-50.44325178505741
-54.57865511042398
-58.84061537156772
-63.10045912000905
-67.20483918295605
-70.98232465921163
-74.26618961268002
-76.8976471718333
-16.879405570109604
-18.35763626555872
-19.981462447818277
-21.792288072961806
-23.823172841790086
-26.106112839048123
-28.665802718410532
-31.525752761445908
-34.70333958447248
-38.20907410278864
-42.04347178614627
-46.19201635713473
-50.622109733664914
-55.27240145935467
-60.04553686333476
-64.7948532134481
-69.32745063444575
-73.41301133016177
-76.81434572724245
-79.32196825353175
-10.041830089276784
-12.0347640704345
-14.100339948497489
-16.368417926224744
-18.895401563434834
-21.720473626507466
-24.86796782712093
-28.359655320947684
-32.208394562959754
-36.421180657954814
-40.99498021798381
-45.91279595351205
-51.137047479348716
-56.599004114333084
-62.18529813540158
-67.71545323987316
-72.92565428985604
-77.48057606387177
-81.00643205138259
-83.17639856534056
-1.8289091963650426
-4.4710953581361546
-7.102191927007608
-9.97606314288793
-13.16078690039815
-16.69132424447793
-20.584481631199136
-24.85347633100553
-29.50639448060193
-34.548127092420856
-39.977216185713885
-45.782193813036066
-51.92829144406584
-58.343782722913204
-64.89403203314812
-71.34700434790993
-77.34483914365428
-82.41635025658822
-85.99857602640282
-87.57459302068278
7.091540265016914
3.691785885717257
0.355856777330531
-3.2786927523948055
-7.266435356641232
-11.623313068392713
-16.35113416572182
-21.455509281402954
-26.943852579829528
-32.8265928274762
-39.11347586556078
-45.8085782443113
-52.89348519716979
-60.29759143735796
-67.8571132541847
-75.26552384125793
-82.05905825932102
-87.62174892376768
-91.17136574531159
-91.92260695353167
16.41834433798506
12.08425415698334
7.823511934622918
3.241676586843122
-1.6774000359812347
-6.9291567701636945
-12.508356828058435
-18.426585034196798
-24.702581986656615
-31.361227619314683
-38.43333962221898
-45.947731935902404
-53.91746381318329
-62.27861922428126
-70.82567048363268
-79.14827805319031
-86.67835760124989
-92.66823925453853
-96.11153444068555
-95.88072350818713
26.23792277003424
20.5224725545401
14.969437413209612
9.23252004312484
3.3053270426899557
-2.8365899069742113
-9.212632388058246
-15.861735721254727
-22.827947510779744
-30.156998450429594
-37.905635945088456
-46.132605110967354
-54.9005705123067
-64.15601624102489
-73.64002093990229
-82.79530729027438
-90.97036678552442
-97.30865359677681
-100.5979059771322
-99.31870989445065
38.04787431463976
29.00132521549094
21.5800601299532
14.523709826334919
7.611757297778615
0.6496217505583418
-6.425773461255773
-13.699326186668333
-21.250965254055384
-29.14483676380232
-37.46574909902425
-46.29490050572773
-55.77082796011078
-65.84467250812948
-76.19827627655485
-86.0781491893481
-94.79095010748378
-101.39812533396211
-104.51757494819958
-102.24662811750323
48.99548386966264
49.681209219742804
49.34313006821472
47.33262853448944
42.227212540351026
48.19590591425528
49.37242873671073
49.26696497292655
47.384662037499666
42.37175711455003
47.260370349408895
49.166282085165676
49.34932153700298
47.62329580513076
42.737379878128856
46.5493062895922
49.20167079099838
49.61356746767322
48.014277933248415
43.267480344445175
46.21582866348166
49.46780167891771
50.01011006746897
48.492472496013306
43.892620268271926
46.26007679604943
49.883160617340025
50.467567282807636
48.99206028895624
44.54391993896799
46.58957667064635
50.35746372586507
50.92397523048894
49.46292505619192
45.16119755405039
47.07783441842576
50.82187055818121
51.33779235485738
49.87451643194411
45.700593558309926
50.187566651196
50.48154654267674
50.78589243192282
51.095108248661795
51.39616977509339
51.6701922067717
51.89957117499788
52.06354773166841
52.138658729605886
52.10290731279291
51.934606683913906
51.619877328503904
51.153326906063
50.55234485230385
49.86164855012111
49.15771189223109
48.535063376946475
48.104805296066765
47.97546592712475
48.21895411265494
50.220968335842926
50.693880259889966
51.176175128636906
51.63802300937531
52.06286870531531
52.429535194834926
52.71483031580845
52.89121185225916
52.92974633540549
52.80399087234777
52.49121111661435
51.97848166953279
51.2656184861886
50.37858068393919
49.37350148840327
48.34830020670825
47.43542748787831
46.799650111230925
46.608268458431944
46.97402552712458
50.77050784404822
51.55293712271114
52.31828765559176
53.01061567272083
53.61634722580678
54.10598557011057
54.44581753601998
54.59773115697671
54.52875923424029
54.20798656533542
53.61384205295049
52.73567767425209
51.58251838685022
50.19249384043121
48.643411145963995
47.072116092489104
45.6785980086923
44.722848975032186
44.486313515774796
45.17169910916485
51.840179587122286
53.066114503356424
54.20590385071428
55.19468654414838
56.01507354512504
56.6251520150555
56.98100975789024
57.04353504662519
56.78076533506749
56.164856200491016
55.17761539972169
53.81046101655677
52.080373244284814
50.03804555294084
47.791221665996964
45.53229142416017
43.550334641159935
42.228864428876626
42.01133759115757
43.24435046907146
53.295088775642924
55.12895715558378
56.73957079974131
58.07941057515216
59.1117701563935
59.79430944016053
60.09242445699057
59.98126227859858
59.441074018223304
58.45280674203136
57.002179530959275
55.079005334581325
52.698042950100046
49.921550660857854
46.8935900474602
43.882573890507985
41.27752604293114
39.594090309660125
39.468020682942864
41.45493476658931
54.9856841176249
57.63414740640175
59.81793376120505
61.5130707947406
62.689691238269134
63.346349033522955
63.488828317336726
63.12073433462232
62.240805328731255
60.84043780915525
58.90426803412979
56.41402024217133
53.368464859706684
49.834094173820404
46.00075316199438
42.238254941270256
39.03436758951303
37.025009716089414
37.045471430376104
39.93881483700636
56.85183928993086
60.58087927167312
63.38569018455237
65.32682956422755
66.50296128738013
67.00463508048777
66.89673545634582
66.21275886807508
64.96487874677412
63.150392127561446
60.7474816810355
57.72285997049491
54.0403842039013
49.76400876517671
45.137712603970094
40.67048452943533
36.92957929703297
34.648528500396644
34.848500176471944
38.73415160719855
59.03478986369397
64.1821401183334
67.41200522551195
69.33880453050268
70.33713619682266
70.5643255300818
70.1428362344833
69.11859859042794
67.50343161833867
65.29639289737202
62.462744533877895
58.95731611507956
54.68196325003552
49.70126332563561
44.318212567665974
39.22514389134958
35.02948714042363
32.536452779866316
32.92769681115411
37.7861294152134
38.466894581050234
31.111308527785244
26.301117393030392
23.011451879596198
20.89714375947815
19.931679036566518
20.463143960790777
24.1146357876705
29.784820754888823
26.099974496436978
22.639436614344696
20.0709279226308
18.426926067664624
17.80558667643047
18.609225994808952
22.498156640557333
20.13328081889117
19.52752137871133
17.80858124052276
16.244469573694385
15.256358129666017
15.106414245372893
16.274464416923394
20.47370801791366
10.40450816874921
11.68795274341893
11.73159562205379
11.397698426264817
11.263967488117022
11.735651630130276
13.380368659057838
17.978395709621093
0.9532753931095945
3.184228020734459
4.626634381267565
5.5625253024401
6.427846998300138
7.664503806884148
9.90378260352154
14.996080390781561
-7.788031984222126
-5.203403134764122
-2.8899062519666727
-0.889749659353703
0.9758952952706305
3.0531954885259873
5.972737463545524
11.636131617990639
-15.08765987904798
-12.479875740357878
-9.762937586702108
-7.066811019782463
-4.392153736313072
-1.5431315849125373
2.043080898533843
8.282088975213325
-19.724139826722574
-17.214763504440345
-14.385683200319965
-11.370438254274264
-8.235105019877228
-4.885691979311463
-0.8351068506337038
5.823001973930656
49.25766016632336
47.96048834312009
46.404607140117534
44.589030771605536
42.6699560237355
40.99961245770544
40.24402724835802
42.185070057570975
49.21917191474185
47.47463967814425
45.371325689529264
43.030091619716536
40.7224870730892
38.8503480871759
38.060178207153086
40.0896269465831
49.46462806043082
46.79073381661479
43.713701099050276
40.584618384565765
37.79592397968891
35.73582214363001
34.97390848460588
37.18156619092361
49.911572243348246
45.78931120015642
41.48423590420879
37.59285853331196
34.46861745159226
32.364210693737704
31.73305580796255
34.184380280670275
50.26371053827996
44.19590280202393
38.71441962376044
34.34178793161977
31.13177240388786
29.140392665522832
28.720175273766046
31.443853114044835
50.07652432161138
41.790421628058766
35.57326408542289
31.110555643349244
28.038883213530546
26.267216047806883
26.095375632099007
29.087940780082974
48.66372471729877
38.61334639112253
32.3462005746714
28.119774754663414
25.32223432690513
23.816132267595798
23.89411227836481
27.132083482193714
44.99701964230388
35.035098087130685
29.30594585365565
25.494066198023237
23.0210350013249
21.7819496735711
22.089608805715507
25.54062550816443
-14.328614849794816
-13.942628160430386
14.315715014454947
14.551808168467318
3.0221568751270547
-48.18521373207605
-67.91645910876699
-83.46796632093984
-95.2978960067852
-102.20966317083423
-105.05635123716335
-105.2503843907624
-104.0556381269581
-51.98351832054772
-72.5781218359794
-88.0586973091856
-99.52121379289309
-106.12660439510836
-108.80728324775407
-108.8087242642432
-107.08081921264336
-51.33237895996394
-71.56299677461685
-86.50524068643578
-97.40646956251034
-103.65422212808234
-106.22435297418578
-106.20229543411324
-104.20677950688501
-47.83131981439321
-66.75344485257358
-80.7388492590053
-90.92340310622893
-96.77775010627346
-99.28663353019085
-99.422785400751
-97.53928646163617
-42.437001333140906
-59.459749804724154
-72.19208380300572
-81.55204082728937
-86.98849483001621
-89.47072612763503
-89.91937910777288
-88.49583242219231
-35.82552842977042
-50.616279098800916
-61.91983588943649
-70.39265071377862
-75.39663440020091
-77.87087664097714
-78.741579445303
-78.04818124412738
-28.54490361387797
-40.977220661861125
-50.776257057519935
-58.33732264990034
-62.90232847537804
-65.37195204498263
-66.72319788098098
-66.92466791234489
-21.434580810252424
-31.55528636813328
-39.859965975339186
-46.52095407663427
-50.65027060477016
-53.10592298655082
-54.94380365359167
-56.08685121966304
-14.857182861734366
-22.80019174106358
-29.67324192075244
-35.46790203925714
-39.17064420824956
-41.594309037091634
-43.88502030874457
-45.934661420985826
-8.88967250752484
-14.814320157641063
-20.346652359341526
-25.319902060341754
-28.607896094813714
-30.976593240686825
-33.660202379065566
-36.537210148883034
-3.3669489903823573
-7.423650038986678
-11.715120060893112
-15.913573581754479
-18.79812140429905
-21.086566737836527
-24.088861145227483
-27.696537293078173
1.7712798505637464
-0.55855001138374
-3.712497660219337
-7.182579971597585
-9.674488235159455
-11.857022885907085
-15.095874414255539
-19.325697103073402
6.60113552619586
5.8664715307660025
3.7497184118562266
0.9650714334924105
-1.1434244142356689
-3.194757530136384
-6.585361030115129
-11.320992886701955
11.16313266413432
11.897447134480988
10.72434714198176
8.587272561464218
6.854771964334767
4.9587302021787325
1.5006571211422948
-3.613710340345828
15.525612277105111
17.60737065022901
17.295524226606187
15.775473917168247
14.414879884191604
12.697625850484027
9.253866158967373
3.897867413601165
19.754308083597397
23.06520163327502
23.547138910219584
22.622739153507258
21.634424622028373
20.120020602517737
16.769508336772603
11.322752138449577
23.856650197059576
28.278569055006752
29.50409317916767
29.165349778661703
28.555511634220352
27.269746228147746
24.08982856951182
18.720489357735612
28.055304483219736
33.48239101024793
35.43209344251739
35.691420359769474
35.48013868314757
34.45674372993917
31.53005445198751
26.43226787866117
32.50816257615758
38.855959793460066
41.55819254136483
42.46558599456895
42.697248229977305
41.987172802721524
39.415853246082946
34.8383807930887
39.446668505475266
46.86821672789573
50.5491082746353
52.316491648133926
53.14540032868127
52.88428177930941
50.88054273966015
47.27861242844088
1.2480275029404027
9.178412366181462
16.702186468942653
23.662083783416627
28.146583322810628
31.054106474118548
34.033093654582565
36.865872586729886
-3.407923619318977
10.15805231859284
17.112010044561185
21.702726183303426
24.740582439095487
27.921467809487627
31.234027058611115
-3.6642198073091246
2.0046765777900486
8.970461709975181
15.919223686552423
20.567336720831477
23.664858499749936
26.91014792345042
30.52678280598805
-1.149255093529845
4.514569642911309
11.521602304286091
18.465796586797342
23.126363828219585
26.2205987934811
29.38564907562075
32.99459750915663
3.092384535501171
9.331666389438547
16.549740104896145
23.484765025909482
28.120351271912625
31.161244375564753
34.12461945510496
37.42801263786408
8.363290063775334
15.565645433260148
23.099215165913584
30.01231357472627
34.59180496819752
37.541717807301424
40.21839060057341
42.99010438871796
14.135273109943176
22.49316035344897
30.379603801494646
37.24931366001731
41.7464209123335
44.57902191399457
46.92451433238219
49.03942668416687
19.604591880687465
29.128401220087188
37.345774459599106
44.14409897963404
48.5376544744002
51.237616142616545
53.24633195946935
54.68905676577955
24.42698178189863
35.00867000701866
43.49421060700774
50.18952608625213
54.46239455168856
57.02219003953433
58.71495956881688
59.54595412463794
28.53452211865135
40.010382258708646
48.677324311736534
55.236915576745034
59.374994237849215
61.79163075377103
63.20252500772253
63.51850258415986
32.09126489020676
44.282094382753016
53.03327534046617
59.42439011336865
63.415181050769284
65.68730850543834
66.8523755323688
66.75755045099747
35.15818147514357
47.8804449555801
56.616509076954635
62.807772493278804
66.63989948959549
68.76631096427147
69.7176635791756
69.31331953367513
37.801261294794465
50.86961616450318
59.4943692853354
65.45601352563845
69.11824392342956
71.09678147613494
71.85850519437767
71.23537219150745
40.04281755826163
53.26878478895238
61.692437052007534
67.39589947018901
70.87651759164771
72.70326350704309
73.28933881460847
72.52463363498153
41.91610471270625
55.106361988394575
63.24631990877244
68.66297571661488
71.94873283580328
73.61717247750947
74.03040610846914
73.18070758611312
43.43164612477637
56.386084279767516
64.16574544726922
69.26436808379502
72.33880081132513
73.83902754929785
74.07032526582515
73.1646495461803
44.50678457019687
57.01532797605476
64.3606698043222
69.10474986751976
71.94621212014013
73.26320899608437
73.29102198766196
72.32055029320782
45.17222468655877
57.00307602873659
63.829652603157456
68.16684237263416
70.74152959940449
71.84983724404417
71.63467086314752
70.53673579097025
45.20982779014974
56.08293653146639
62.27400124345286
66.11841692858646
68.36795043782564
69.2216661479468
68.69357294170102
67.33094501913743
45.475381492945225
54.92373214168724
60.19089044932988
63.30187303945498
65.05835981862305
65.52370134383213
64.490372625889
62.49980798793164
3.0153277702581907
35.974204965368365
34.57219728614331
32.821129783900616
30.669394112421852
28.105820146898704
25.226279161090478
22.36186685436898
20.287258567052117
53.3710073281957
52.18119173879359
50.696294881075886
48.873908708419336
46.7064754602402
44.27776537940723
41.87425407879667
40.181688076613405
68.54772073424324
67.60172217372327
66.42156725412887
64.97429324559165
63.25513010809796
61.33301824970229
59.44165616675648
58.15111130897563
75.62130386286232
74.96872171869882
74.1548735136651
73.15751409065561
71.97403558775274
70.65342164734953
69.35980611201316
68.49546684742087
52.13992319849416
50.1899733262923
47.547237261143245
44.85550362750665
42.41608292793192
40.33317214256393
38.61263136051118
37.21755570082566
67.48364965911051
65.69477611527542
63.368816051183984
61.024224076391626
58.911557808529864
57.114150749506294
55.632835536072925
54.4332174666065
79.9859355022977
78.4998168004476
76.60643890372124
74.70763090192828
73.00204292629137
71.55397647878286
70.3619438972738
69.39715630230573
83.60463035703391
82.55327939536151
81.22550075348144
79.90081634397002
78.71357932854309
77.70698673403047
76.87900367297502
76.20915287031778
28.794526639042903
28.91216857329104
29.135254021393944
29.3681292550332
29.40562275870725
28.80483208039272
26.203326228393202
11.912695664113455
7.262098881664776
6.9281132932331
6.125762278816532
4.583194270366081
1.6261666126673286
-4.175832038787213
-15.962250614748374
-38.42070960873894
-15.28840562789341
-16.74637241972664
-19.736391230085676
-24.514176557555494
-31.53143763246291
-40.97402593609207
-52.124360549421155
-63.25112168933923
-35.54055480173575
-38.31462499153304
-43.14119263318334
-49.28153274417887
-56.00195104238876
-62.56775351742064
-68.43720527666105
-73.36007273920295
66.0796446081956
66.54605181205828
67.23684225405589
67.94099316356197
68.57198402543244
69.10390532111101
69.53811734285496
69.88636042386538
74.12191022928955
73.57368819641466
72.8697778527022
72.1649522395618
71.53278639776273
70.99680638258843
70.55605790298675
70.19960684763501
-47.715405010776266
-50.124018869727344
-53.70464159198303
-57.5281740219621
-61.09446228004605
-64.18556127007479
-66.75351560516059
-68.82474200761055
-21.184472856225035
-22.375507663821384
-23.740782843325917
-25.284888036541542
-27.027209308016534
-28.992384185450383
-31.20218922484306
-33.6788074348269
-36.44115428021347
-39.501982032705094
-42.86525436711367
-46.52097494287568
-50.44322020160306
-54.57863072925763
-58.84058839560344
-63.10043780442839
-67.20480817729668
-70.98227940685854
-74.26614552352285
-76.89760531161706
-16.87928756853832
-18.35751072574756
-19.981368499746587
-21.792187975337768
-23.82317080390613
-26.106054289114237
-28.665848182321405
-31.525712106772367
-34.703302414615315
-38.2090064747631
-42.043327622576534
-46.19193948910796
-50.622003082161214
-55.2723342853329
-60.045485584594815
-64.79485177240356
-69.32732582431514
-73.41286661021482
-76.81424655794595
-79.32184276432498
-10.041666482859338
-12.034545746329215
-14.100060311022117
-16.368213998240872
-18.895389327335565
-21.72036561690182
-24.868104411475162
-28.359591960372658
-32.20842914660772
-36.42102395407066
-40.99477595907843
-45.912607689088645
-51.136955894042586
-56.598885162790914
-62.18527602695315
-67.71536375282906
-72.92554901774713
-77.4803368207802
-81.00627066344381
-83.17632314211163
-1.828689657324461
-4.470822430809205
-7.102118672140064
-9.975871681614564
-13.160543138386576
-16.691281576350868
-20.584381019148598
-24.85345802294262
-29.506437430103173
-34.54787439713095
-39.97708732183812
-45.781876881510236
-51.9282719854187
-58.343674375697255
-64.89398710596431
-71.3468410783336
-77.34474368087268
-82.41606937123863
-85.99832433302754
-87.57458556493137
7.091626186035122
3.6919629176018183
0.3559204885297965
-3.27869335859543
-7.26624483825405
-11.62329275985985
-16.350825247355296
-21.45535980736662
-26.943907184868664
-32.82641438787635
-39.113330795547945
-45.80837568427544
-52.89336831411023
-60.29752918572291
-67.85692678033544
-75.2654496412252
-82.05892524744293
-87.62146392920098
-91.17110311091628
-91.9224670382686
16.41827601604853
12.084138269257855
7.823742826616683
3.241801760555372
-1.6773844054704043
-6.9290820954276935
-12.508088614009683
-18.42640832343603
-24.702461719992225
-31.361256373508375
-38.43308363220273
-45.94769322812528
-53.91737847585184
-62.278428038563405
-70.8254353554609
-79.14819399587867
-86.67827940474118
-92.66789310413559
-96.11129734270472
-95.88048639419742
26.238028989966228
20.522205360214038
14.96946004435243
9.232806795788159
3.3053472312918757
-2.8364913282493425
-9.212562855669884
-15.861567301665037
-22.827577022752084
-30.157050935583825
-37.90554907642136
-46.132533583667346
-54.90054318890408
-64.15567357128455
-73.63983385278718
-82.79514842510531
-90.9703272372622
-97.3083115466852
-100.59766101758092
-99.3185457134793
38.04865643061522
29.001357075620493
21.58014489147706
14.523899089154428
7.611878704269434
0.6497928621843188
-6.425813556813793
-13.699072019342038
-21.250610810364098
-29.144752540562436
-37.46585377585138
-46.294776812081395
-55.770734006323536
-65.84434630242052
-76.19812112919733
-86.0779513642596
-94.7909339346377
-101.39778486949479
-104.51731550126549
-102.24653523206462
50.18755710201476
50.481539391705866
50.78587803875945
51.095093277541544
51.396147699380684
51.67016975311861
51.89954583144598
52.063522789955115
52.138636475254984
52.10288916968124
51.93458883742349
51.61985370266378
51.15330527592179
50.55231174246325
49.86160868896922
49.15766827961819
48.53502976270951
48.10476920605612
47.97542226510472
48.21890554437745
50.220982212065195
50.69390561105156
51.17616729611562
51.63801770499683
52.06277444366028
52.42949001160938
52.71468750699934
52.89113771837712
52.92967353071892
52.803931320583715
52.491221439429616
51.97841744595756
51.26557188050645
50.37849280390861
49.37340285285216
48.34812742425793
47.435335541263434
46.79959847702762
46.608132585035605
46.97388440256131
50.770522882229905
51.55297142252469
52.31838768487622
53.0106712051063
53.616206727699186
54.10595256252413
54.445545362611576
54.597633063053976
54.52858588246955
54.20794854422945
53.61385647127308
52.73566776554244
51.58239158248083
50.192395456203435
48.64319251655115
47.071947627339966
45.67843326637233
44.72277553067858
44.48615988223837
45.17141602203282
51.84024304284665
53.06629017270828
54.20588108875527
55.19466145933223
56.01510353052936
56.62503160628372
56.98091496492553
57.043386410651095
56.780495555061094
56.16490918247873
55.17750617616621
53.81052878896718
52.080177143403745
50.03788071925777
47.790966969473665
45.53211266786252
43.55011677328002
42.228763118220364
42.01121707806242
43.24397997288087
53.295181602006274
55.12899159294147
56.73946039522985
58.07928192560014
59.11181176864513
59.79414203375918
60.09246794172752
59.98125009038781
59.44080830805363
58.45276127394097
57.00209344764427
55.07890932611011
52.69791007416184
49.92131377915496
46.89345636457221
43.8823161694515
41.27726956492484
39.593991792159414
39.467827398334805
41.45465924999465
54.98563955541677
57.634036727388356
59.818022527495195
61.51304070493221
62.68955282745263
63.34617940214337
63.488925653006916
63.12075437969436
62.24072965032024
60.84012367349386
58.904252575622934
56.413844880027426
53.36824231661803
49.833946129636004
46.00064919254004
42.238011280402496
39.03403025208486
37.024969503533896
37.04523457442275
39.93859445394345
56.85152835471544
60.580609640423496
63.385504249984336
65.32696676780338
66.50292707110599
67.0045669456021
66.89673632798961
66.21262072164468
64.9649712975779
63.15011543592198
60.747311654475816
57.72270770076369
54.04008239129604
49.76398302810328
45.13756059978122
40.67030035118251
36.92919513819865
34.64844332254858
34.84828721051412
38.733859532347594
59.03563634602017
64.18188810576754
67.41203256802888
69.33895459286887
70.33703360313034
70.56433364142224
70.14261725921646
69.11852329871942
67.50353085520639
65.29627741549491
62.462425904585146
58.957115731500934
54.681729306937754
49.701247246933576
44.31800145232505
39.22499569900518
35.02912021484223
32.53636465842416
32.92751127185812
37.78578031044468
38.46683929403624
31.111275007286313
26.301077953297387
23.01140959837093
20.897095994154352
19.931620403619455
20.463064471068368
24.114513413765906
29.78503902869142
26.10011366478149
22.639526580787773
20.070997039253502
18.42697583021493
17.80561543613138
18.60922649311443
22.4981081316844
20.133284541104697
19.52748223349078
17.808528191620926
16.244433640628177
15.256316682388123
15.106362056159998
16.27439276691181
20.473595576427087
10.404564632510079
11.687967625022452
11.73157243292643
11.397676380704123
11.263937448262254
11.735609721082835
13.380307480094988
17.978296790646304
0.9533498161607113
3.1842575614016804
4.6266380561065334
5.5625169302532305
6.4278287355496575
7.664473396784021
9.903734281175673
14.99599812792971
-7.787915881278692
-5.20332473726003
-2.8898520142107627
-0.8897131086639617
0.9759174009987567
3.053202789894692
5.972726798085076
11.636090607075316
-15.087583049938004
-12.479821374024501
-9.762898585086987
-7.0667848956335035
-4.392137078497265
-1.5431258518194422
2.043075011915898
8.282062941962401
-19.724115232343284
-17.21474364793082
-14.38566813644946
-11.370427946180795
-8.235098324613253
-4.8856895352696545
-0.835108720004165
5.822993052724973
49.25765076511913
47.9604770725391
46.40459471488605
44.58901697904345
42.66994129657672
40.9995959891901
40.24400532497261
42.18504223372032
49.2191567167054
47.4746120567009
45.3712938542303
43.03005615481102
40.722448879652
38.850305336695506
38.06012157560667
40.08954878655406
49.46461471522446
46.79069923295029
43.71365861762604
40.58457166712423
37.79587302590153
35.73576360155725
34.97383172871659
37.181451334177794
49.911561214982086
45.78929019493732
41.48421400972716
37.59283563983023
34.468590748264816
32.36417466135124
31.73299848026455
34.18427483491947
50.26368728824443
44.195889726927724
38.71440803415785
34.34177440837476
31.13175349276186
29.14036267703348
28.72012257887277
31.44375284966877
50.07653313431919
41.79042191292018
35.573264906566884
31.110552735670325
28.03887322630051
26.267193473366426
26.095329434360625
29.087852546142944
48.66365804242478
38.61325829712195
32.34610980561271
28.119684219253777
25.322141983822053
23.816032535558502
23.89399416372158
27.131923958615655
44.99707131729071
35.03514019894812
29.30596879123206
25.49407707140805
23.02103441753617
21.781933684271916
22.08956782978721
25.540537344542557
35.97400528513264
34.57206187923389
32.82097391248365
30.669244011322945
28.105619044840694
25.22615918971013
22.361811922447668
20.28724288582365
53.3702018014602
52.18048977054299
50.69575538395876
48.87358138174518
46.70623973842072
44.27768113167605
41.87420583522159
40.181667902320804
68.5479570963004
67.60188144877503
66.42166350942001
64.97436001513442
63.25510011227409
61.3329782659705
59.441648499941316
58.15110554898182
75.62570991811313
74.96967035844703
74.15568098683687
73.15819489119593
71.9745662051077
70.65378246526545
69.36002745580578
68.49553900300134
52.14055626221236
50.190997317283376
47.54752528256875
44.85538833764629
42.41585315410746
40.33300638230601
38.612408888605025
37.21737466931236
67.42902647994363
65.68179495048062
63.363192708337856
61.02108488181288
58.90945271734024
57.11268599089419
55.63163053412072
54.43223655037182
79.98694940042351
78.50724970639065
76.6083425599824
74.70840417234831
73.00251827601343
71.55436719934924
70.36223807638831
69.3974119274268
83.60636357691769
82.55639038019346
81.228377444004
79.90307514233656
78.71538935974644
77.70845720577132
76.88024212307509
76.21248031482031
66.07970081617992
66.54620367691183
67.23705745786081
67.94124142976868
68.57223775289377
69.10414427063414
69.53832463526683
69.89140604208185
74.121940935087
73.5737631727862
72.86987499836602
72.16506948156076
71.53293169721425
70.99697987342496
70.55625848730526
70.20329563884899
14.736161885119593
14.399970855193704
13.876356066343375
13.17842212912647
12.308960761544533
11.266028887029696
10.045654411971283
8.641149201607334
7.0445847628534795
5.247625976200423
3.2416549002528123
1.0251274071943657
-1.3858673307622154
-3.9716549137769337
-6.639421154798163
-9.201003474705022
-11.37606973401335
-12.732801897013672
15.195580611350312
15.068208524040356
14.755204314026276
14.265325469854043
13.601883497313072
12.75870130315547
11.729172147226965
10.502453139120416
9.065489592584587
7.404249446655724
5.503970815680559
3.3502739230365304
0.9370153562481776
-1.7088694331488647
-4.504812365952364
-7.304000172727907
-9.878986542612875
-11.83531480667676
-13.19092614092873
-13.564925960217623
15.146318947910283
14.791469890630701
14.30994522214677
13.787457122030817
13.081835279409338
12.198541593301263
11.138906394744419
9.905355718615587
8.495414980917515
6.905243009381211
5.130356253977601
3.1670826973036124
1.0131482875209026
-1.320331904622932
-3.7943582023840885
-6.359358728932371
-8.89413018391817
-11.182467272053515
-12.916539484994765
-13.662309895891582
13.975675468218347
13.295633029487925
12.426298690206423
11.3727986733283
10.137933592054539
8.722536956503449
7.124147755870904
5.339982477016802
3.3673357377753637
1.2061613418527877
-1.1388862237980837
-3.644222062886931
-6.248664504397018
-8.834017626332905
-11.232157281124914
-13.218924717486994
-14.483338464980998
-14.616019211496516
-14.326727723450512
-13.948090302537743
14.315690899971388
14.552185654085996
14.733691059770008
14.394782926626144
13.874049034006244
13.17846292232806
12.308962017232666
11.266016878964374
10.045625101579255
8.64110369223028
7.044516638979986
5.24754204320136
3.241547862233435
1.0249981062636517
-1.386010850821613
-3.9718221784919057
-6.6396214485353156
-9.201214228416582
-11.376348569715264
-12.733141550609139
15.195581862212732
15.068151261435474
14.755136680629839
14.265296085467575
13.601841804877063
12.758628033999035
11.729064650177547
10.502320923614086
9.065299174415541
7.404001718653464
5.503649495776731
3.3499156162708847
0.9366166941568261
-1.709328447838527
-4.505350371057494
-7.304667674957718
-9.8798116899243
-11.836022532839847
-13.192472387168221
-13.568382512054407
15.146254113398005
14.791982507701169
-79.51742669488286
-81.85276516152686
-83.86193654086664
-86.27570720041284
-90.1799385653478
-81.33639851797378
-82.9125015651118
-84.51624242767836
-86.7409953339252
-90.56001671142265
-84.02547891114763
-84.43720681409837
-85.49057012061644
-87.4784832816049
-91.217069905143
-86.79622133924723
-85.95111209983682
-86.48796350518678
-88.27409013181354
-91.984369657527
-89.19977983665875
-87.2459098304244
-87.37872442245815
-89.0220813969922
-92.76717496721379
-91.05593754424794
-88.2729751103362
-88.12385480215458
-89.67757872284592
-93.50913816912065
-92.36841362175497
-89.0545048116047
-88.72298897310272
-90.2254846002144
-94.17093584423453
-93.23726085293855
-89.63309005125704
-89.18956022683919
-90.66551381409856
-94.72656615465358
-100.00240314718334
-100.18600217624474
-100.5613204006532
-100.92642930934643
-101.0512386279632
-100.49811454260276
-97.91677652013489
-83.62935813689967
-113.91826178025475
-113.48143114434238
-112.72668685283415
-111.24215907984512
-108.32228653548162
-102.5350666877028
-90.74719763507508
-68.27356127551188
-122.03203603844648
-120.36851334779743
-117.35936297863583
-112.59310893414138
-105.58198609020656
-96.13442584823906
-84.97018488445096
-73.8221872147119
-115.84788555932306
-112.89018772116529
-108.0282753993365
-101.884687846864
-95.16400837280551
-88.59529005632594
-82.72142466515625
-77.76867826728449
-91.83240454895683
-89.35771220675922
-85.76858961944436
-81.95172521706614
-78.39414963908418
-75.31174936643087
-72.75364273458305
-70.650585779115
48.99543388692916
49.6811618135923
49.34308800948993
47.33260921752774
42.22746223903844
48.19576914353545
49.37230109213252
49.266850570344374
47.38459458334368
42.372049063971765
47.26017164063051
49.1661017450474
49.349158321990295
47.62318100479532
42.737482571434356
46.54908414354247
49.20146836831325
49.61338271062666
48.01413615328086
43.26746566137707
46.21559083110856
49.467583395455314
50.00991026437226
48.49231105224199
43.89253681391487
46.2598299663045
49.88293269748711
50.467358324387284
48.991886135823904
44.54380455956458
46.58930829354184
50.357218447430654
50.923748586940306
49.4627308517406
45.16105876163464
47.07757410353872
50.82163477240807
51.33757658234352
49.874331116138876
45.70045506980091
28.798713244190356
28.91313824466193
29.135463687444616
29.36818984442964
29.405552841097734
28.804687454563684
26.203036913107667
11.91252654432166
7.258756617294539
6.926643547314566
6.125060352023525
4.582790803080729
1.625835560610758
-4.175908032362737
-15.962265265503163
-38.42074815132701
-15.289128003945699
-16.747237176637196
-19.73702888205294
-24.514573262565566
-31.531722711343953
-40.9739652910815
-52.12412698832988
-63.25071996236233
-35.5296438265849
-38.31148629604768
-43.13974077144053
-49.28094395611196
-56.00183952812457
-62.567983838353264
-68.43772531621815
-73.36076107008991
-47.72076616370842
-50.12541171340981
-53.70538406485025
-57.5290083428577
-61.09557253841821
-64.18697350772793
-66.75520806610795
-68.82670670480982
-79.51738199841394
-81.85271415659253
-83.86188063462794
-86.27565129540763
-90.18002397516038
-81.33628761337032
-82.91236380217426
-84.51609273497256
-86.74084106749861
-90.5600914719276
-84.02531834714803
-84.43701269379154
-85.49035966091412
-87.47826047731097
-91.21691860899008
-86.79601763529152
-85.95088654638947
-86.48772131495204
-88.27383060020851
-91.98410534754221
-89.19955295640966
-87.2456669005187
-87.3784636205382
-89.02179945816447
-92.76686940987449
-91.0556977966138
-88.27272144635924
-88.12358305515006
-89.67728303061101
-93.50881179583861
-92.36817849162715
-89.05423965628188
-88.72270168814875
-90.22516988521141
-94.17058411495029
-93.23702338572733
-89.63283029088126
-89.18928170036278
-90.66520676549172
-94.72621421347384
-99.99696402040348
-100.18410888139934
-100.56030509542813
-100.9256505225152
-101.05059299877048
-100.49757932763384
-97.91611923298166
-83.62881709718643
-113.92016506471089
-113.48218256821242
-112.72665257079589
-111.24189336122241
-108.32182180387173
-102.53469462161998
-90.74665077737514
-68.27463662316953
-122.02687590445663
-120.36550760114145
-117.3570789629468
-112.59140550723556
-105.58066893541431
-96.13351637058385
-84.96934068835378
-73.82219808049538
-115.87044942329207
-112.89583118777004
-108.03185815397195
-101.88717160739375
-95.16589810188577
-88.59673061878767
-82.72253369399961
-77.76959574037838
-91.85670983966362
-89.36020724578226
-85.77235285291643
-81.95532030066282
-78.39733508581965
-75.3145343783645
-72.75608866244261
-70.65275787154178
-49.52805046682272
-77.11220874138382
-100.17702076342124
-118.96300573718032
-130.35775250429168
-136.1113519347702
-139.28409201218452
-140.92201062380377
-49.43324123501645
-77.09487147494845
-100.1701527898825
-118.95997979020183
-130.35624649364485
-136.1104577112819
-139.28347804534496
-140.92151071368798
