0.36826021855439217
0.3778440341626148
0.39685300955656444
0.40273612568583084
0.4027361256858306
0.39685300955656444
0.37784403416261436
0.36826021855439295
0.36494166255372495
0.3669167311807081
0.3766621400413691
0.3871411452171617
0.3871411452171618
0.376662140041368
0.36691673118070844
0.36494166255372484
0.04495623236892987
0.10744561060315416
0.05734827864968872
0.1349679383801129
0.10987362977810522
0.16081328404255613
0.10972607181779559
0.16480616901829526
0.16480616901829437
0.10972607181779748
0.16081328404255757
0.10987362977810455
0.1349679383801129
0.057348278649689055
0.10744561060315527
0.04495623236893043
0.04352604969599949
0.10539548069789573
0.051469868988291534
0.11638822855420072
0.07386773876100416
0.13570436414291964
0.09378504821895839
0.1495379778457101
0.14953797784571066
0.09378504821895806
0.13570436414292109
0.07386773876100483
0.11638822855420117
0.051469868988291534
0.10539548069789595
0.043526049695998825
-0.09478288561216308
-0.07070111369046006
-0.09017696663716124
-0.051041176570265634
-0.041340732536742975
-0.02003447059946417
-0.04736746706271355
-0.02182935222663862
-0.021829352226639065
-0.04736746706271311
-0.020034470599463727
-0.04134073253674342
-0.051041176570264746
-0.09017696663716035
-0.07070111369046006
-0.09478288561216308
-0.09427614836900466
-0.06961924354969473
-0.08902748068999689
-0.06065368405531979
-0.07130761032489485
-0.042353696315844847
-0.05497557079642301
-0.029803716977824912
-0.0298037169778258
-0.054975570796423456
-0.042353696315845735
-0.07130761032489485
-0.06065368405531979
-0.08902748068999689
-0.06961924354969429
-0.09427614836900422
-0.14935712999847395
-0.14314170855455766
-0.15402867069225046
-0.13841967823246004
-0.13104651779899035
-0.12108713502827406
-0.14074302568158892
-0.1269441282795134
-0.1269441282795134
-0.14074302568158936
-0.12108713502827362
-0.1310465177989908
-0.13841967823246004
-0.1540286706922509
-0.14314170855455854
-0.14935712999847484
-0.14757035848943256
-0.1398893753205157
-0.14692711128177138
-0.1371084246717138
-0.1410711942101286
-0.12830589170735296
-0.13353261278827788
-0.12146441009500819
-0.12146441009500819
-0.13353261278827877
-0.12830589170735252
-0.14107119421012815
-0.13710842467171336
-0.14692711128177183
-0.1398893753205157
-0.14757035848943323
-0.12982988050635313
-0.15138361927029576
-0.14194547187187
-0.162412479771759
-0.14835575708312732
-0.16898873113145907
-0.15550016748843354
-0.17474969723677614
-0.17474969723677658
-0.1555001674884331
-0.16898873113145818
-0.14835575708312776
-0.1624124797717601
-0.14194547187187
-0.1513836192702953
-0.1298298805063527
-0.12725890712307875
-0.14668125236415763
-0.12906378694436782
-0.1504147952381043
-0.13320610776768205
-0.15413208968495518
-0.1343495107449626
-0.1542680447175977
-0.15426804471759725
-0.1343495107449626
-0.15413208968495473
-0.1332061077676825
-0.15041479523810475
-0.12906378694436782
-0.14668125236415763
-0.1272589071230792
-0.058247020222766066
-0.09140440563781382
-0.07334018693159416
-0.11146532116430796
-0.09179229861035121
-0.133711090605116
-0.09693021323779472
-0.13264734251861365
-0.13264734251861365
-0.09693021323779516
-0.13371109060511643
-0.09179229861035121
-0.11146532116430796
-0.07334018693159372
-0.09140440563781449
-0.05824702022276562
-0.055772266496473266
-0.08658541044217305
-0.06045156705167698
-0.09343666090500036
-0.0699998509492401
-0.10363475920592768
-0.07500976848486474
-0.1070070900170903
-0.1070070900170903
-0.07500976848486474
-0.10363475920592813
-0.0699998509492401
-0.09343666090500036
-0.06045156705167698
-0.0865854104421726
-0.055772266496473266
0.034860446174280524
-0.008963043143338512
-0.0177891765479794
-0.04510365012350981
-0.049538471188146804
-0.07078611950903779
-0.05760557825138024
-0.06670492855405596
-0.06670492855405552
-0.057605578251379796
-0.07078611950903868
-0.04953847118814614
-0.04510365012351025
-0.0177891765479794
-0.008963043143338512
0.03486044617428097
0.03749138847002409
-0.0053749513968304186
-0.007574855608976527
-0.029506384370029393
-0.03658190393493088
-0.04645199084822793
-0.04492243884030622
-0.05064719416117769
-0.05064719416117813
-0.04492243884030667
-0.04645199084822749
-0.03658190393493088
-0.029506384370029393
-0.007574855608976083
-0.005374951396831307
0.037491388470024756
0.34565566303967576
-0.05870666934659141
0.3557579750919536
0.3510319809337129
0.358923275601743
-0.19113955768404756
-0.17145683787079458
-0.16547569260059158
-0.14754376475152964
-0.13957250764573859
-0.1243212083741927
-0.11875410804454556
-0.19412715934912983
-0.007571385556231824
-0.06364234490769416
-0.04102537635144099
-0.04884535711473159
-0.05390019923472256
-0.04874679121453762
-0.04845213898361789
-0.04845213898361744
-0.048746791214538066
-0.05390019923472256
-0.04884535711473159
-0.041025376351440546
-0.06364234490769505
-0.007571385556231824
-0.19412715934913027
-0.16547569260061112
-0.1714568378707959
-0.1395725076457912
-0.14754376475153164
-0.1187541080444372
-0.12432120837419136
-0.05870666934658719
-0.19113955768404756
0.3557579750919535
0.351031980933707
0.3589232756017413
0.345655663039674
0.3463664461261984
0.36289934219976816
0.35694868106582534
0.37065390210407045
-0.043815520327164625
-0.1065713119873768
-0.11285014380888203
-0.12880940300845856
-0.1377350721858579
-0.15636261957611763
-0.16383207059343086
-0.18481481609459283
-0.18872731049813174
0.0017596322736935788
-0.06219119470939294
-0.03359789947901071
-0.0504820584967729
-0.043830769350073906
-0.046940599091550794
-0.04452347330218398
-0.044523473302183536
-0.04694059909155124
-0.043830769350073906
-0.0504820584967729
-0.03359789947901137
-0.06219119470939205
0.0017596322736935788
-0.18872731049812974
-0.043815520327157964
-0.10657131198725445
-0.11285014380888003
-0.12880940300851607
-0.1377350721858599
-0.15636261957613673
-0.16383207059342997
-0.18481481609459238
0.3463664461261987
0.36289934219976727
0.35694868106581756
0.37065390210406957
-0.16633317752701604
-0.16714750574295767
-0.15781270906383837
-0.16995919560486494
-0.14569790407414018
-0.18872594127230413
-0.19769657314977707
-0.19572576584994605
-0.09715954176601715
-0.08030668729318635
-0.060075250046971895
-0.05658194311956688
-0.04871484316534613
-0.045417966116537256
-0.0454179661165377
-0.04871484316534569
-0.05658194311956599
-0.060075250046971895
-0.08030668729318546
-0.09715954176601715
-0.14569790407413885
-0.19769657314977707
-0.1957257658499454
-0.18872594127230413
-0.16714750574295723
-0.16995919560486583
-0.15781270906383837
-0.16633317752701782
-0.1655915475212224
-0.17096796275356518
-0.16070171749519035
-0.1720452132973196
-0.14745982243928446
-0.18616959848464565
-0.1964009010764911
-0.20174127962190713
-0.10743722992892235
-0.08682138060995781
-0.06999139999428938
-0.06000423173875502
-0.05443531348208874
-0.050922562330498744
-0.05092256233049919
-0.05443531348208919
-0.06000423173875502
-0.06999139999428894
-0.08682138060995737
-0.10743722992892235
-0.1474598224392849
-0.20174127962190558
-0.1861695984846452
-0.19640090107649022
-0.17204521329731914
-0.16559154752122285
-0.17096796275356452
-0.16070171749518924
-0.1266739958036458
-0.10558870168158685
-0.12056962255047865
-0.08158769198036708
-0.09805112274249783
-0.10840032006113054
-0.14340214490835934
-0.0696049471088045
-0.07037365192227152
-0.049798313931423754
-0.04686677731077915
-0.040940749401654264
-0.03937565556255396
-0.03937565556255351
-0.040940749401654264
-0.04686677731077871
-0.0497983139314242
-0.07037365192227196
-0.0696049471088045
-0.10840032006113054
-0.14340214490835934
-0.08158769198036708
-0.1266739958036478
-0.12056962255047798
-0.09805112274249539
-0.1055887016815873
-0.12846341012907914
-0.1238415645422366
-0.11027460441735348
-0.10394923065172335
-0.0884283664067198
-0.1150159942862432
-0.15100560048854939
-0.08133451111645473
-0.08285788645801762
-0.059665520523880966
-0.05887830166261776
-0.048580357755700465
-0.04901013504596663
-0.04901013504596752
-0.04858035775570002
-0.058878301662617316
-0.059665520523880966
-0.08285788645801762
-0.08133451111645473
-0.11501599428624387
-0.15100560048854939
-0.0884283664067198
-0.12846341012908158
-0.1238415645422366
-0.11027460441735393
-0.10394923065172157
0.053721731766750436
-0.036842103193195364
-0.00911309189562659
-0.022735711622332344
0.05361778482427815
0.04614382878214163
0.0427999414940865
0.03422772499831317
0.02811309366018322
0.015853787064118774
0.0058325106956448325
-0.03957794214738519
-0.07087251517694204
-0.06384618662936314
-0.04884104357666175
-0.024675184248611703
-0.038059139732531166
-0.02980567631152309
-0.0315728575196903
-0.030601068890586003
-0.031588447096787986
-0.03158844709678843
-0.030601068890587113
-0.031572857519690745
-0.029805676311523532
-0.038059139732531166
-0.024675184248611703
-0.03957794214738519
-0.04884104357666086
-0.06384618662935959
-0.07087251517696624
0.053721731766750214
0.05361778482429602
-0.03684210319319492
-0.022735711622332344
0.04614382878214274
0.04279994149411803
0.0342277249983125
0.028113093660177668
0.015853787064119662
0.005832510695645943
-0.009113091895625258
0.047814345569920036
-0.04148286086964004
-0.015311654131558328
-0.0013153638009397728
0.0087317490699661
0.0204238022031904
0.026874743247478072
0.03525073287305447
0.03898474257955786
0.046222898833445436
-0.028516072712265528
-0.04543121744954104
-0.0796560107322064
-0.07317445752746154
-0.060564108796072214
-0.029616518182175033
-0.04628962618311672
-0.03471364423801582
-0.04112401367087837
-0.03455031600686809
-0.03793988930823056
-0.03793988930823056
-0.03455031600686809
-0.04112401367087837
-0.03471364423801626
-0.04628962618311716
-0.029616518182175033
-0.045431217449540595
-0.060564108796071325
-0.07317445752745821
-0.07965601073222639
0.04781434556992026
0.04622289883346198
-0.01531165413155744
-0.028516072712265084
-0.0013153638009388846
0.008731749069965877
0.026874743247476518
0.020423802203184405
0.03525073287308422
0.03898474257955875
-0.041482860869638705
0.0053692680387157354
0.009706418682879026
-0.010626602173420707
-0.015550188797848197
-0.022425150172270092
-0.025343469950562136
-0.027211275327313267
-0.02810026741519156
-0.028100267415192004
-0.02721127532731371
-0.02534346995056258
-0.022425150172270092
-0.015550188797848197
-0.010626602173420707
0.009706418682878581
0.0053692680387161795
0.004987936541650195
0.007799611595164957
-0.010983834998149034
-0.01701426454055821
-0.02176088795863551
-0.025873805578273457
-0.0257048730467615
-0.028051600444825686
-0.028051600444824798
-0.0257048730467615
-0.025873805578273457
-0.02176088795863551
-0.017014264540558655
-0.010983834998149034
0.007799611595165401
0.004987936541650195
-0.018261724074591035
-0.012726158520957265
-0.023495090563928178
-0.021202476634122558
-0.029094692277673806
-0.027538896605523666
-0.03228372790554679
-0.03020231268132778
-0.030202312681327337
-0.03228372790554768
-0.027538896605523666
-0.029094692277673806
-0.021202476634122558
-0.023495090563927734
-0.012726158520957265
-0.018261724074591923
-0.01760881885677268
-0.011921483930768195
-0.020772640914860974
-0.01888028117820517
-0.024029572862773074
-0.023540152293352046
-0.025379121550494155
-0.02519356601501377
-0.02519356601501377
-0.025379121550494155
-0.023540152293352046
-0.02402957286277352
-0.018880281178204728
-0.020772640914860974
-0.01192148393076864
-0.017608818856772235
-0.041753718618547264
-0.03388816177563081
-0.044636507417848525
-0.037585285983245065
-0.0474598924446914
-0.04071844525849855
-0.04922410586863646
-0.042311670634600285
-0.04231167063460162
-0.049224105868636014
-0.040718445258498104
-0.0474598924446914
-0.037585285983245065
-0.04463650741784808
-0.033888161775631254
-0.0417537186185466
-0.040364999379690625
-0.031486112257209875
-0.03865997310496416
-0.03130102543644653
-0.035528819847648885
-0.03017160728600765
-0.031707568974565836
-0.028946553094061356
-0.02894655309406091
-0.031707568974565836
-0.03017160728600765
-0.03552881984764933
-0.03130102543644653
-0.03865997310496372
-0.031486112257209875
-0.040364999379690625
-0.09650572779297062
-0.07116762437812962
-0.1010392479140767
-0.07438922170059814
-0.10612697611047461
-0.07702612554482968
-0.10943838050912125
-0.07861536707436678
-0.07861536707436678
-0.10943838050912191
-0.07702612554483013
-0.10612697611047461
-0.07438922170059814
-0.1010392479140767
-0.07116762437813007
-0.09650572779297151
-0.0947922211605019
-0.06737374132488183
-0.0923412153765637
-0.06269726641531426
-0.08138710363929236
-0.05228576608479263
-0.05835640032208067
-0.04179999380539212
-0.04179999380539301
-0.058356400322081114
-0.052285766084792185
-0.08138710363929191
-0.06269726641531426
-0.09234121537656415
-0.06737374132488183
-0.0947922211605019
-0.15178563979318072
-0.13045416908846375
-0.15331207425688564
-0.1343013021583248
-0.15647688719389996
-0.1382247277234343
-0.15824448191908536
-0.14073518180569522
-0.1407351818056961
-0.15824448191908647
-0.1382247277234343
-0.15647688719390085
-0.1343013021583248
-0.1533120742568852
-0.1304541690884642
-0.15178563979318027
-0.15253933132505426
-0.12914338312820117
-0.15728905618654987
-0.12730050691599737
-0.16238075934095142
-0.10548761085469271
-0.14656605773185016
-0.0896955783287623
-0.047554843813861325
-0.5235385244210777
-0.3762922532773554
-0.034210710202352335
0.03476676181514338
-0.023546493453975748
0.01725414392467639
0.004019385145810239
-0.016852495168454107
0.1026694066037942
0.09708221160235109
0.09708221160234998
0.10266940660379675
-0.023546493453975748
0.0040193851458117935
0.017254143924677057
0.034766761815146374
-0.03421071020232169
-0.016852495168453663
-0.14656605773184972
-0.5235385244210762
-0.3762922532773547
-0.04755484381384556
-0.0896955783287623
-0.10548761085469227
-0.1623807593409523
-0.12730050691599826
-0.1572890561865503
-0.12914338312820206
-0.1525393313250547
-0.14920832599060296
-0.1507387114981642
-0.14122444443987758
-0.1472802741131256
-0.13336165361458985
-0.14329728668528663
-0.1262907245552085
-0.1405282766852689
-0.14052827668526935
-0.12629072455520896
-0.14329728668528574
-0.13336165361458785
-0.1472802741131256
-0.14122444443987803
-0.15073871149816376
-0.14920832599060296
-0.15390123273219314
-0.1594233539257499
-0.16512932500119115
-0.17566477629160415
-0.19043410649354975
-0.2138515262926035
-0.23498419256059888
-0.25722213160117446
-0.4321354921241627
-0.2758754358263589
-0.2608079370890193
-0.4380935912688313
-0.36936841796180664
-0.3200251751338643
-0.30055091161726555
-0.27606719166667304
-0.4380935912688313
-0.36936841796180464
-0.26080793708882943
-0.2760671916666726
-0.30055091161726755
-0.32002517513386475
-0.23498419256059888
-0.43213549212417113
-0.2758754358263593
-0.2572221316009373
-0.2138515262926035
-0.19043410649354975
-0.17566477629160415
-0.16512932500119115
-0.15942335392574947
-0.1539012327321927
-0.07954661974138122
-0.09849356942872323
-0.06679997220947542
-0.08669760024200346
-0.05021298820823894
-0.07209288369908173
-0.03544079668031741
-0.06202596588076381
-0.062025965880763145
-0.03544079668031741
-0.07209288369908173
-0.05021298820823894
-0.08669760024200301
-0.06679997220947587
-0.09849356942872212
-0.07954661974138122
-0.08249376153672694
-0.10796745689739295
-0.07950489184779053
-0.11273660755432124
-0.07177018093640375
-0.118006146754154
-0.06326048026176756
-0.06586116734628988
-0.14125580250927805
-0.07936167355058688
-0.5600145780216013
-0.22755769346526922
-0.1610022351483793
-0.1193835958122309
-0.09153625887213024
-0.5600145780215486
-0.0793616735505831
-0.09153625887212935
-0.16100223514838374
-0.2275576934652701
-0.11938359581223046
-0.06326048026176889
-0.1412558025092776
-0.06586116734630587
-0.11800614675415444
-0.0717701809364042
-0.11273660755432258
-0.07950489184779141
-0.1079674568973934
-0.08249376153672738
0.1007165718365034
0.04245203196307745
0.11069132472670606
0.05508756167261619
0.127919901075083
0.07336070097953085
0.1446404641108252
0.08678234979049115
0.08678234979049049
0.14464046411082565
0.07336070097953151
0.12791990107508366
0.05508756167261686
0.11069132472670606
0.04245203196307834
0.10071657183650318
0.10214097967761471
0.042198734364578216
0.11819599057193897
0.058133893226409716
0.14705107805822293
0.08741239041398174
0.18356652006935514
0.17711520186946372
0.17011526788770026
-0.19334324116280133
-0.02577683100840278
0.05349039701679248
0.09021244083171676
0.11113953579536828
0.12933692656689866
0.1385900316585007
0.1509584202591836
0.1563796046131155
0.1771152018694686
-0.19334324116280088
0.17011526786351217
0.156379604613062
0.15095842025968775
0.13859003165849348
0.12933692656689033
0.11113953579536551
0.09021244083171465
0.053490397016792146
-0.02577683100840278
0.18356652006935692
0.08741239041398152
0.1470510780582217
0.05813389322640927
0.11819599057193853
0.042198734364577994
0.10214097967761471
0.36187855052880313
0.36518225600485066
0.37499969700036206
0.38571212156664525
0.38571212156664336
0.37499969700036295
0.3651822560048501
0.3618785505288029
0.3660562006920851
0.37712607821117516
0.3939902125321617
0.40981450458980695
0.4098145045898073
0.39399021253216104
0.37712607821117583
0.3660562006920849
0.2246903913432341
0.19483554838679829
0.15476800673162927
0.11334145249902594
0.09396893940344686
0.07315674340402889
0.05234114756455088
0.03546688153821098
0.01761486037790383
0.003430972550507727
-0.010206644165698053
-0.02678600284356869
-0.039641905049139003
-0.04742615853704257
-0.05896351360385377
-0.07481637954012621
-0.0787748406112323
-0.07849066541664262
-0.07962230236359269
-0.09704980451921186
-0.11641807631063816
-0.11007250432683557
-0.1306240391372271
-0.15369981639421937
-0.14251167135364695
-0.1463361524226503
-0.1965894254611813
-0.16391042780227516
-0.18482874815105532
-0.20265645039814983
-0.22235057294278437
-0.21454251987682627
-0.2120622330673374
-0.23706146418275686
-0.2609943005979489
-0.24457576907414058
-0.23433734979636345
-0.2662280808341366
-0.29382944521743193
-0.2595743972392661
-0.28464545177280476
-0.31631546133220145
-0.2624869335563531
-0.2867411291241895
-0.3334449074610717
-0.24517181967138968
-0.2601344471130067
-0.3487895829670207
-0.15605591253304452
-0.13950307752274393
-0.3169810154757209
0.32446727905372263
0.5014297441740423
0.5350622224998989
0.5339062291503697
0.564342142500891
0.36571759220988576
-0.1044109966306781
-0.2643621369107614
-0.12115464519405239
-0.23686343664062148
-0.3200646634828752
-0.2221394256363196
-0.27166058818043326
-0.3163266338835453
-0.24753159603721375
-0.27566088056957083
-0.3068555362637022
-0.2508822912584332
-0.26216514519906053
-0.2906796712212496
-0.22898837154102902
-0.24171542740473817
-0.23679780470916056
-0.26250510560149154
-0.210207470940726
-0.2151241367127228
-0.20512902388559917
-0.22680372210978517
-0.18790410263847535
-0.20158880502598575
-0.16945458532214297
-0.1524374320461086
-0.14965655220412333
-0.1587694044471697
-0.13670732412151465
-0.11714683216021582
-0.12261055143894595
-0.10414126404741442
-0.08565010391107575
-0.08622302574138918
-0.08605350737750905
-0.08057514465849858
-0.06700762021424733
-0.048759548835984656
-0.055356625517294145
-0.036903217225003226
-0.019129903799373293
-0.008400885991965312
0.004157277780380886
0.024156952864462955
0.03593996871580274
0.05362667584936753
0.078899803183617
0.087865162786951
0.11960829477929724
0.16419222243521825
0.16360979059922642
0.22645641702571118
0.175457063394295
0.12103693769519874
0.09675062156428949
0.0622317453524418
0.04306441985767595
0.014306896274933423
-0.002932768175816669
-0.02959565436335243
-0.04587014912731591
-0.07222503363757093
-0.08774144116775129
-0.11507882876835529
-0.12980731423766279
-0.15837894068422131
-0.17312071051131261
-0.20340787125206616
-0.21933789831286998
-0.2442138950002819
-0.26094733167473017
-0.28059701210992793
-0.29475552771230484
-0.30755281979331994
-0.31626531562893057
-0.319751420142548
-0.3212262885198742
-0.3046337033436828
-0.29839302792285594
-0.20469451982689146
-0.18601433577852422
0.33588656259469574
0.4848448613391363
0.5044764271004873
0.36081823715704486
-0.16371221484813803
-0.18176300490151287
-0.28370192070071054
-0.28928546994302295
-0.3115525675587645
-0.3096844462669328
-0.31024541835054054
-0.30145350352615785
-0.29156362572277117
-0.277630543686477
-0.2599659549493212
-0.2436857282135212
-0.21992668992224007
-0.20442542395920515
-0.17660425506638266
-0.16117224391054563
-0.13397644609651072
-0.11891533349983963
-0.09296548234366542
-0.07728153986352915
-0.05236940204674556
-0.03616327684758813
-0.011136054799005146
0.0056629741214223595
0.03230344110334982
0.05034029039232768
0.08138564961903538
0.10270966394265502
0.14776133090528876
0.18267152932073927
0.22494900730424094
0.1770835868530739
0.12352652120420593
0.10045455545227444
0.0657235527933262
0.04750156645611481
0.018133620318893318
0.0016803956897428751
-0.025904722967025062
-0.04167267383156781
-0.06922276974412034
-0.08481017407805758
-0.11343684518658859
-0.12919297137846142
-0.15871520112401116
-0.17575180854812955
-0.20798725487647696
-0.22275413723249615
-0.25167972219514856
-0.26613734123869714
-0.2900680567205516
-0.3007276347328325
-0.31786791074450593
-0.3222288124795154
-0.3296563430860573
-0.326678042115637
-0.3129707335516927
-0.3025753832489162
-0.20999508886356755
-0.18765233581333685
0.3358872912670129
0.48737522882873563
0.4989607344206509
0.35041541416028743
-0.1744058688646568
-0.1965124900070594
-0.293719151947629
-0.3037885858071976
-0.32069304926098474
-0.3234445111541351
-0.3183301628601243
-0.31387877968563216
-0.2984606217490955
-0.28785660629469456
-0.2651857426512323
-0.2509177287034463
-0.22280034697074091
-0.2082669985751484
-0.177619642428559
-0.16025581924943721
-0.13168936568539635
-0.11581015592772137
-0.0881621102968353
-0.07253245967100619
-0.04600176774769493
-0.030328700306865075
-0.003890354372395599
0.012226939539248027
0.04011935583682791
0.057539904045600054
0.08985715630479363
0.11086888367442793
0.1579328234848062
0.19462409955212312
0.22829254816178945
0.18028317808211014
0.1303177843483958
0.10530665344489909
0.07379846985822103
0.05300758513709647
0.026929163115789634
0.007410815866130016
-0.016928610345136264
-0.03615862448267815
-0.060756729815997224
-0.08011072868817282
-0.10632183792354355
-0.12608901872780165
-0.15396796124082734
-0.17503772641746007
-0.20941863815172135
-0.22364311676465398
-0.2554765124723386
-0.27178759714614187
-0.29519044648188353
-0.3103033222834193
-0.32298883278506874
-0.33313292500380043
-0.3338966253961628
-0.3359047496216476
-0.3158340505791857
-0.3087047091483468
-0.2107700765670273
-0.19014534505945369
0.3389153601856849
0.4916899026041782
0.49922455813888
0.34817290092573683
-0.181503926202931
-0.20214070281394347
-0.30287228663585
-0.3098997867107103
-0.3319046991392489
-0.3298140855277174
-0.33047503983177284
-0.32029338889430137
-0.3087139013522029
-0.2936213633496496
-0.27107548260890657
-0.2548556238819686
-0.22361638489630797
-0.20953087043710972
-0.17616335930079874
-0.15493924916559076
-0.12770684368189622
-0.10790058143565506
-0.08235213773177863
-0.063002195333554
-0.039099617423155264
-0.019955938372182347
0.003595116364651263
0.02287293813813096
0.047929947477177715
0.06817162503583196
0.0980040645232384
0.12161077514861773
0.16707843846134696
0.2074016707855424
0.2354765548982103
0.19041563235344838
0.1339968889118256
0.11351207860926626
0.0752174210515637
0.060255774241674165
0.026616757051399764
0.014133606200296911
-0.01848982590721171
-0.029865518491232645
-0.0631236841029661
-0.07443645446049363
-0.10922979761459639
-0.12147663578623047
-0.1575168761318686
-0.17235478648637903
-0.20792157299096403
-0.2275994685994578
-0.25864359276746773
-0.2767724206948936
-0.30481948081067456
-0.31742986984861776
-0.34066088801948124
-0.34462948827255846
-0.3602162402579929
-0.353690490799877
-0.35053015019350453
-0.3333514974608782
-0.24974761647749522
-0.22118972554251792
0.39064355536693596
0.5899412259773849
0.5960422153434951
0.3979844667287501
-0.2148910311408596
-0.24349114847550557
-0.32922674237979765
-0.346345426002616
-0.35089537034104623
-0.3573750783149108
-0.34277793457197125
-0.33879817995396166
-0.31631498966368676
-0.303735967558979
-0.276262534365751
-0.2582109973046316
-0.2275744246025604
-0.20800782074615842
-0.17312326319161886
-0.1581914321338409
-0.1226155190460636
-0.11036031451393336
-0.07603799297650027
-0.06475886243755768
-0.0319946834039635
-0.02072224563284264
0.011337854880523746
0.023598184513785148
0.05649874927735987
0.07100475832026354
0.10807172360830541
0.12745355158557548
0.18054750671392605
0.2197269732999495
0.23365059063741145
0.18844990144825247
0.13274882492624573
0.11115683955991851
0.07379346238647044
0.05692641797567011
0.02475066231763945
0.009552466754522482
-0.02096103027902263
-0.03566207944086086
-0.06621300278875708
-0.08112483135538695
-0.11270727354350862
-0.12856326079715186
-0.16084594397783158
-0.17919417050252684
-0.21456314566580015
-0.23035701293167876
-0.26332806623684535
-0.2780984589051796
-0.30650023339283994
-0.3167735566045857
-0.3384284145521861
-0.3419323696447385
-0.35363493608428076
-0.3493511506031939
-0.34002053609532545
-0.3278321583978241
-0.23718149281924616
-0.21529243147406696
0.39699583635117475
0.5920344046935173
0.5963846916059291
0.40215175935033687
-0.21079270351730695
-0.23276645733679602
-0.3248693688510971
-0.3370423171572756
-0.3473255622666096
-0.3515862645520682
-0.34057258149010283
-0.33705960384966227
-0.315937054777627
-0.3056802560855567
-0.27769670545428204
-0.2629763911437264
-0.2303091856128996
-0.2145972681954489
-0.17972298918102259
-0.1613148841333727
-0.1293816038250486
-0.11352688189726656
-0.08230155508468262
-0.06741973054004902
-0.0372468284586458
-0.0226232809430158
0.007456940430567327
0.022493748137213276
0.0541018515928976
0.07063900185877059
0.10706353261235568
0.1278460030887233
0.1810236566517589
0.22181823691157532
0.23322313190060706
0.18811755220177162
0.13291496772514755
0.111124209088594
0.07411898330930877
0.05694389174535308
0.02513592738286574
0.009517235069132823
-0.020565469063354547
-0.03581285282120095
-0.06581661920574255
-0.08141492528391714
-0.11225452781713408
-0.1289731450131124
-0.1601939675259636
-0.17963659826721945
-0.21516748902510474
-0.22974326147911928
-0.2635223112890377
-0.2772323115912714
-0.30616595439128624
-0.315543665634052
-0.337537347212826
-0.34044450671439397
-0.352123038253235
-0.3477670438767748
-0.3378174517994261
-0.3261389125891194
-0.2342763132131911
-0.21358022319577086
0.4002650125346109
0.5946132577039207
0.5977914521803522
0.4040131920426613
-0.21028754266482896
-0.23106420423327467
-0.32397170748481896
-0.3356512091143069
-0.3462850669763009
-0.3506323354998033
-0.3394491097180228
-0.3365400016608182
-0.31493077567949324
-0.30556714837770826
-0.2769373141080973
-0.26326507177936964
-0.22970801861301804
-0.21519617101231536
-0.1800169594150145
-0.1605333891254459
-0.12957033157371933
-0.11285384693931766
-0.08227644883719276
-0.06670121527894768
-0.036975093429852945
-0.021784677304110156
0.00797876655633678
0.023480828615288774
0.05486868047125104
0.07180622812796056
0.10811528038179707
0.12931899700324956
0.18265609615916667
0.22450588771048519
0.23405103081800305
0.18879860179042196
0.13411476379588927
0.11211129065134617
0.07556886723888923
0.05811259666044277
0.026825090017685405
0.010834174092065774
-0.018610272672981987
-0.034360667715812365
-0.06355236627514471
-0.07984471001296978
-0.10963177485992959
-0.12733972694920315
-0.15719667441911556
-0.17799797039055498
-0.21394317027135634
-0.22702643041747517
-0.2622779520147891
-0.2746230613082792
-0.30488403994685687
-0.31310203912793555
-0.33616990789599765
-0.33828399327363257
-0.3505260421239538
-0.3459002118901484
-0.3358209951726483
-0.3244280593732902
-0.23168230452526384
-0.21211833838699823
0.40406480595127237
0.5978583334647594
0.6001856021514569
0.4068015269040268
-0.20970204140262227
-0.22933615071990499
-0.32284114348197335
-0.3342424031133149
-0.34481752380130337
-0.3494429090591957
-0.33755905289396426
-0.3354479952168714
-0.3126578291750821
-0.30445329839604574
-0.27441133093393266
-0.26209633853579284
-0.22700434745740683
-0.21397161753866323
-0.17827356648056059
-0.15744284624471194
-0.12777485524586152
-0.11006741809046794
-0.08047179274210525
-0.0641954293379483
-0.03520705479398445
-0.0194967899467271
0.009712402490234417
0.025621230649714444
0.05659731760756559
0.07388577938654284
0.1099114844426966
0.13149434547208827
0.18480096860171735
0.22765432508032968
0.23143750702965715
0.1904282304594892
0.13188105088511237
0.11426450925588627
0.07461598024367855
0.06096819030979084
0.028165162559381507
0.01466646592913734
-0.013477430614821095
-0.029206488336701142
-0.052757585535412765
-0.07306723147509464
-0.09157183859013207
-0.11893397726564969
-0.13169524102506158
-0.16843699646090537
-0.2048732136394813
-0.19649517964271723
-0.25394760150279017
-0.246304834014742
-0.29784000791106235
-0.29174967905490323
-0.3304050838661512
-0.32526919796452214
-0.3456978373243158
-0.3395895370906339
-0.3315177176564139
-0.322543810284063
-0.2275777430193462
-0.21351249171613218
0.4084614467850758
0.5956187644459394
0.5972550713062486
0.41040134501059633
-0.2118093224239317
-0.22591525879125296
-0.3214350430849118
-0.3304060107339164
-0.338842031118344
-0.3449416669303702
-0.32477699025707296
-0.3299070549499059
-0.2914544223535902
-0.29754775654679944
-0.24616713008086988
-0.2538280445852892
-0.1964792330062075
-0.20489234657913458
-0.16863979360570935
-0.13186457365845827
-0.11924010912336125
-0.09186574754821697
-0.07350423284402097
-0.05319411681218145
-0.029796186245922618
-0.014084750484732123
0.013882582874463645
0.027333836193743744
0.059905480611089024
0.07344649162146821
0.11271650097354491
0.13005012372555436
0.18760469061643192
0.22691439611673192
-0.016810042598655484
-0.017128115854988968
-0.03562972676438103
-0.03133043083984699
-0.04698560831401988
-0.042189110717779865
-0.05589929623803824
-0.051690314728118025
-0.06374791762177723
-0.06060685419287282
-0.07113540057423706
-0.06935177769618184
-0.0784085949245501
-0.07802351511614103
-0.08548415880997062
-0.08722247500420188
-0.08925991794615418
-0.1003616179369422
-0.10294869927458805
-0.117240632259346
-0.11998342986431765
-0.142712371943998
-0.1442601344062353
-0.18471124469756472
-0.18374769386362866
-0.2639286380371768
-0.2616831233209316
-0.45886518393241427
-0.49019001816118
-1.404763755194554
-1.406374836372954
-0.4906246129924352
-0.4596098282237937
-0.26195804385554156
-0.2643903697200132
-0.1839285529878567
-0.18500080140958342
-0.1443721920995682
-0.1428704202848614
-0.12003726113244562
-0.11728481804951696
-0.10294889507211957
-0.10029906509500264
-0.08920822623688518
-0.0870617445846591
-0.08509961607631178
-0.07777339065401212
-0.07794137210943086
-0.06904696824939927
-0.0705360005983553
-0.06023132176370294
-0.06297988233694563
-0.05122538656881925
-0.054904195037139614
-0.041606520962101934
-0.04566058862699984
-0.030586276409838575
-0.03374918409520711
-0.016147165638907612
-0.013485297453263767
0.0038276144376451215
-0.007839505823656445
-0.01423753095688518
-0.022368193659279667
-0.027278914346570815
-0.0339986158612291
-0.03830210986409033
-0.04443357717515495
-0.04844891771235682
-0.05438298338722958
-0.05827275188598202
-0.06423320830563473
-0.06809179101999807
-0.07404384303567202
-0.07783144805150499
-0.08216279269948634
-0.08725616562126803
-0.09622211959973281
-0.10099729213082975
-0.11091324463608476
-0.11641587533843989
-0.12904996643999822
-0.1363591355172462
-0.15543903801888148
-0.16716305096975148
-0.20356723331317794
-0.22883384878727875
-0.32899235348488687
-0.42577023869160935
-0.8067435899699495
-0.8070061987299739
-0.4258725186441743
-0.3291097332143169
-0.22889237542885654
-0.20364030229514163
-0.16720402863788442
-0.15548920524235887
-0.13638871666074048
-0.12908430368903634
-0.11643610348170874
-0.11093426924593364
-0.10100886525525477
-0.09623031228978363
-0.08725958655511068
-0.08216624366834635
-0.07771932372593193
-0.07398420408785022
-0.06797689367505932
-0.06416464270506839
-0.0581350617102685
-0.05430226937589988
-0.04828125816847484
-0.04433758070496352
-0.038094260365595156
-0.03388313872305271
-0.02701477714680056
-0.022228141758258824
-0.013886269399429496
-0.007670902280341396
0.004338541642562865
0.22469039134323565
0.19483554838689077
0.15476800673162272
0.11334145249902505
0.09396893940334217
0.07315674340403167
0.05234114756455188
0.03546688153822819
0.01761486037790516
0.0034309725505088373
-0.010206644165714485
-0.02678600284356869
-0.039641905049138115
-0.047426158537026586
-0.07481637954012577
-0.058963513603853324
-0.0787748406112323
-0.07849066541664351
-0.0970498045192123
-0.07962230236373435
-0.11641807631063816
-0.11007250432683424
-0.1306240391372271
-0.15369981639421937
-0.14251167135364606
-0.19658942546117109
-0.16391042780227427
-0.1463361524226494
-0.18482874815105577
-0.2026564503981494
-0.22235057294279081
-0.21206223306733207
-0.2145425198768267
-0.23706146418275642
-0.2609943005979529
-0.23433734979636345
-0.24457576907413903
-0.2662280808341386
-0.2938294452174295
-0.2595743972392661
-0.28464545177280587
-0.3163154613322041
-0.26248693355635266
-0.2867411291241915
-0.33344490746102506
-0.24517181967137947
-0.26013444711300937
-0.3487895829670351
-0.1560559125330503
-0.1395030775227477
-0.3169810154757682
0.32446727905362227
0.5014297441740079
0.5350622224992985
0.5339062291503978
0.5643421425014417
0.365717592209977
-0.10441099663066544
-0.26436213691071586
-0.12115464519404862
-0.23686343664061704
-0.3200646634828037
-0.22213942563632694
-0.27166058818043126
-0.31632663388357685
-0.24753159603721686
-0.2756608805695713
-0.3068555362636982
-0.2508822912584341
-0.2621651451990621
-0.29067967122125116
-0.24171542740473706
-0.22898837154103546
-0.23679780470916056
-0.26250510560149065
-0.2151241367127228
-0.210207470940726
-0.2051290238856005
-0.22680372210978628
-0.18790410263847468
-0.15243743204610793
-0.20158880502598975
-0.16945458532214208
-0.1587694044471697
-0.14965655220412244
-0.1367073241215151
-0.12261055143894506
-0.11714683216021582
-0.08565010391099381
-0.10414126404741442
-0.08622302574139007
-0.08605350737751327
-0.06700762021424578
-0.08057514465849946
-0.04875954883598421
-0.05535662551730591
-0.03690321722500278
-0.008400885991965312
-0.019129903799365078
0.004157277780381108
0.03593996871580163
0.02415695286446229
0.05362667584936631
0.08786516278694967
0.07889980318363854
0.11960829477929558
0.16360979059922365
0.16419222243527787
0.22645641702568442
0.17545706339428635
0.12103693769520163
0.09675062156429182
0.06223174535244003
0.04306441985767362
0.014306896274932535
-0.0029327681758175572
-0.029595654363351542
-0.04587014912731635
-0.07222503363757182
-0.08774144116775129
-0.11507882876835529
-0.12980731423766168
-0.15837894068421976
-0.17312071051131217
-0.20340787125206572
-0.21933789831287043
-0.24421389500028257
-0.2609473316747297
-0.28059701210992793
-0.2947555277123055
-0.3075528197933215
-0.31626531562893123
-0.3197514201425484
-0.32122628851987156
-0.30463370334367923
-0.2983930279228346
-0.20469451982687437
-0.18601433577852022
0.3358865625946367
0.4848448613391433
0.5044764271004525
0.36081823715703687
-0.16371221484815002
-0.18176300490151043
-0.28370192070070055
-0.2892854699430163
-0.3115525675587629
-0.3096844462669328
-0.3102454183505421
-0.30145350352615785
-0.2915636257227723
-0.27763054368647855
-0.2599659549493196
-0.2436857282135212
-0.2199266899222394
-0.20442542395920515
-0.1766042550663831
-0.1611722439105452
-0.13397644609651072
-0.11891533349983874
-0.09296548234366542
-0.07728153986352826
-0.052369402046746005
-0.036163276847587245
-0.011136054799004702
0.005662974121421915
0.03230344110334826
0.05034029039232646
0.08138564961903116
0.10270966394265124
0.14776133090527577
0.1826715293207256
0.2249490073042565
0.17708358685307612
0.1235265212042237
0.10045455545228754
0.06572355279333153
0.04750156645611525
0.018133620318893096
0.0016803956897433192
-0.025904722967025062
-0.04167267383156692
-0.0692227697441199
-0.08481017407805713
-0.11343684518658859
-0.12919297137846142
-0.15871520112401072
-0.1757518085481291
-0.20798725487647496
-0.2227541372324957
-0.25167972219514656
-0.26613734123869515
-0.29006805672054914
-0.3007276347328316
-0.3178679107445044
-0.32222881247951185
-0.3296563430860544
-0.32667804211563145
-0.3129707335516927
-0.30257538324890354
-0.20999508886356555
-0.18765233581330487
0.33588729126699046
0.4873752288288
0.49896073442076094
0.3504154141603484
-0.17440586886459863
-0.19651249000703808
-0.2937191519476139
-0.30378858580720514
-0.32069304926097764
-0.32344451115413464
-0.3183301628601227
-0.3138787796856306
-0.29846062174909505
-0.28785660629469456
-0.26518574265123185
-0.2509177287034463
-0.22280034697074003
-0.20826699857514797
-0.177619642428559
-0.1602558192494361
-0.13168936568539635
-0.11581015592772093
-0.08816211029683485
-0.07253245967100486
-0.046001767747694045
-0.030328700306864187
-0.003890354372394267
0.01222693953924714
0.040119355836829906
0.05753990404560283
0.08985715630479929
0.11086888367443604
0.1579328234848072
0.19462409955213766
0.2282925481618061
0.18028317808211836
0.1303177843483998
0.10530665344490076
0.07379846985821825
0.053007585137094804
0.026929163115789745
0.007410815866129572
-0.016928610345136708
-0.03615862448267726
-0.06075672981599589
-0.0801107286881706
-0.10632183792354177
-0.1260890187278012
-0.1539679612408269
-0.17503772641746052
-0.2094186381517218
-0.22364311676465354
-0.2554765124723375
-0.27178759714614054
-0.2951904464818811
-0.3103033222834177
-0.32298883278507096
-0.33313292500380354
-0.33389662539616327
-0.3359047496216523
-0.3158340505791877
-0.3087047091483561
-0.21077007656700375
-0.19014534505940284
0.33891536018574775
0.4916899026042584
0.49922455813888744
0.34817290092577646
-0.18150392620291944
-0.20214070281393925
-0.30287228663582866
-0.3098997867107174
-0.33190469913925447
-0.32981408552772096
-0.3304750398317735
-0.3202933888943029
-0.30871390135220045
-0.29362136334964917
-0.27107548260890546
-0.2548556238819686
-0.22361638489630842
-0.20953087043710972
-0.17616335930079918
-0.15493924916559076
-0.12770684368189555
-0.10790058143565462
-0.08235213773177863
-0.06300219533355267
-0.03909961742315282
-0.01995593837218279
0.003595116364651707
0.02287293813813096
0.047929947477175716
0.06817162503582697
0.09800406452324006
0.12161077514862773
0.16707843846134962
0.2074016707855495
0.23547655489819297
0.19041563235344972
0.1339968889118215
0.11351207860926227
0.07521742105156082
0.0602557742416705
0.026616757051396434
0.014133606200295579
-0.01848982590721171
-0.0298655184912322
-0.06312368410296432
-0.07443645446049407
-0.1092297976145955
-0.12147663578623047
-0.15751687613186816
-0.17235478648637859
-0.20792157299096448
-0.22759946859945734
-0.2586435927674662
-0.27677242069489205
-0.3048194808106752
-0.31742986984861643
-0.34066088801948124
-0.34462948827255757
-0.36021624025798826
-0.3536904907998739
-0.35053015019349787
-0.3333514974608778
-0.2497476164774579
-0.2211897255424684
0.39064355536702267
0.5899412259774339
0.5960422153434882
0.397984466728714
-0.2148910311408636
-0.24349114847549025
-0.329226742379793
-0.3463454260026133
-0.3508953703410447
-0.3573750783149088
-0.34277793457196726
-0.33879817995396166
-0.31631498966368476
-0.30373596755897747
-0.27626253436574943
-0.2582109973046316
-0.2275744246025604
-0.2080078207461573
-0.17312326319161775
-0.15819143213384024
-0.12261551904606316
-0.11036031451393336
-0.07603799297650071
-0.06475886243755657
-0.03199468340396261
-0.020722245632843084
0.011337854880522857
0.023598184513782705
0.056498749277356874
0.07100475832026465
0.1080717236083012
0.1274535515855757
0.1805475067139264
0.21972697329993973
0.23365059063742855
0.1884499014482619
0.1327488249262393
0.11115683955991407
0.07379346238646856
0.056926417975669885
0.02475066231763745
0.009552466754521594
-0.02096103027902485
-0.03566207944086042
-0.06621300278875619
-0.0811248313553854
-0.11270727354350862
-0.1285632607971514
-0.16084594397783114
-0.17919417050252684
-0.21456314566579948
-0.23035701293167876
-0.2633280662368449
-0.27809845890518115
-0.30650023339283994
-0.3167735566045853
-0.33842841455218875
-0.3419323696447323
-0.35363493608427965
-0.3493511506031932
-0.3400205360953219
-0.32783215839782764
-0.23718149281923773
-0.21529243147399302
0.39699583635122904
0.5920344046935933
0.5963846916059183
0.40215175935026526
-0.21079270351726342
-0.2327664573367565
-0.32486936885107864
-0.33704231715727406
-0.3473255622666023
-0.3515862645520671
-0.34057258149010017
-0.3370596038496627
-0.31593705477762657
-0.30568025608555716
-0.2776967054542836
-0.2629763911437253
-0.23030918561289915
-0.21459726819544844
-0.17972298918102214
-0.1613148841333727
-0.12938160382504815
-0.11352688189726612
-0.08230155508468173
-0.06741973054004813
-0.03724682845864491
-0.022623280943016244
0.007456940430566217
0.02249374813721372
0.05410185159289915
0.07063900185877403
0.10706353261235235
0.12784600308872052
0.181023656651764
0.22181823691159497
0.23322313190057598
0.18811755220175252
0.13291496772514277
0.11112420908859288
0.07411898330931432
0.05694389174535541
0.025135927382864298
0.009517235069132157
-0.02056546906335588
-0.03581285282120228
-0.065816619205743
-0.08141492528391803
-0.11225452781713319
-0.12897314501311197
-0.16019396752596204
-0.1796365982672199
-0.21516748902510408
-0.22974326147912216
-0.26352231128903814
-0.2772323115912694
-0.30616595439128536
-0.3155436656340509
-0.33753734721282647
-0.34044450671438775
-0.35212303825323543
-0.3477670438767655
-0.33781745179940925
-0.32613891258913474
-0.23427631321322528
-0.21358022319576175
0.40026501253447566
0.5946132577038206
0.597791452180338
0.404013192042589
-0.21028754266472993
-0.23106420423331464
-0.32397170748482007
-0.3356512091143027
-0.34628506697630135
-0.3506323354998053
-0.3394491097180201
-0.33654000166081866
-0.31493077567949324
-0.3055671483777074
-0.27693731410809685
-0.26326507177936964
-0.2297080186130176
-0.21519617101231625
-0.1800169594150145
-0.16053338912544435
-0.12957033157371933
-0.11285384693931855
-0.0822764488371932
-0.06670121527894768
-0.03697509342985428
-0.021784677304111932
0.007978766556336114
0.023480828615292437
0.05486868047125737
0.07180622812796589
0.10811528038179008
0.12931899700324334
0.18265609615916045
0.2245058877104693
0.23405103081800305
0.18879860179041918
0.13411476379590004
0.11211129065133152
0.07556886723888734
0.05811259666044499
0.02682509001768585
0.01083417409206644
-0.0186102726729811
-0.03436066771581414
-0.06355236627514338
-0.07984471001296933
-0.10963177485993003
-0.1273397269492027
-0.157196674419116
-0.17799797039055676
-0.2139431702713559
-0.22702643041747517
-0.26227795201478843
-0.27462306130827874
-0.30488403994685576
-0.31310203912793355
-0.33616990789599654
-0.338283993273635
-0.3505260421239531
-0.3459002118901695
-0.3358209951726523
-0.32442805937328045
-0.2316823045252796
-0.2121183383871279
0.40406480595120087
0.5978583334648273
0.6001856021514286
0.4068015269039086
-0.20970204140261983
-0.229336150719873
-0.32284114348194715
-0.33424240311331266
-0.34481752380131003
-0.34944290905918596
-0.33755905289396115
-0.33544799521686786
-0.3126578291750812
-0.30445329839604374
-0.27441133093393066
-0.26209633853579084
-0.22700434745740594
-0.21397161753866367
-0.17827356648056147
-0.15744284624471194
-0.12777485524586063
-0.11006741809046705
-0.08047179274210481
-0.0641954293379483
-0.035207054793986226
-0.019496789946728432
0.009712402490230865
0.02562123064971311
0.056597317607562925
0.07388577938653829
0.10991148444269094
0.1314943454720966
0.18480096860172435
0.22765432508031302
0.2314375070296789
0.19042823045952784
0.13188105088512558
0.11426450925588072
0.07461598024369998
0.06096819030978862
0.028165162559392942
0.014666465929140227
-0.013477430614817099
-0.029206488336693592
-0.052757585535407436
-0.07306723147509286
-0.09157183859013296
-0.11893397726565103
-0.13169524102506158
-0.1684369964609045
-0.20487321363948086
-0.19649517964271723
-0.25394760150279017
-0.24630483401474246
-0.2978400079110639
-0.2917496790549057
-0.33040508386615275
-0.3252691979645246
-0.3456978373243178
-0.33958953709063944
-0.3315177176563837
-0.3225438102840328
-0.22757774301927003
-0.21351249171627562
0.40846144678497853
0.5956187644458926
0.5972550713064079
0.41040134501065606
-0.21180932242387107
-0.22591525879121677
-0.32143504308486337
-0.330406010733858
-0.3388420311183451
-0.34494166693036754
-0.3247769902570825
-0.3299070549499086
-0.2914544223535953
-0.29754775654680055
-0.24616713008087143
-0.2538280445852892
-0.19647923300620862
-0.2048923465791337
-0.1686397936057089
-0.13186457365845872
-0.11924010912336214
-0.09186574754821764
-0.07350423284402052
-0.05319411681218189
-0.02979618624592062
-0.014084750484729902
0.013882582874462313
0.027333836193744188
0.05990548061109102
0.07344649162148342
0.11271650097354213
0.13005012372555003
0.18760469061646257
0.22691439611676234
-0.016810042598655484
-0.01712811585498275
-0.03562972676438059
-0.031330430839847434
-0.046985608314020766
-0.0421891107177792
-0.0558992962380378
-0.051690314728118025
-0.06374791762177678
-0.060606854192873705
-0.07113540057423817
-0.06935177769618184
-0.07840859492455121
-0.0780235151161417
-0.08548415880997218
-0.08722247500420321
-0.08925991794615595
-0.10036161793694265
-0.10294869927458805
-0.11724063225934644
-0.11998342986431809
-0.14271237194399755
-0.1442601344062362
-0.18471124469756584
-0.18374769386362955
-0.26392863803717925
-0.261683123320936
-0.4588651839324094
-0.4901900181612071
-1.404763755194693
-1.4063748363732027
-0.4906246129924958
-0.4596098282238501
-0.26195804385555554
-0.2643903697200276
-0.18392855298786182
-0.1850008014095883
-0.14437219209957197
-0.14287042028486474
-0.1200372611324465
-0.11728481804951785
-0.1029488950721209
-0.10029906509500308
-0.08920822623688562
-0.08706174458465954
-0.08509961607631267
-0.07777339065401256
-0.0779413721094313
-0.06904696824939971
-0.0705360005983553
-0.06023132176370338
-0.06297988233694429
-0.051225386568818365
-0.054904195037139614
-0.04160652096210149
-0.04566058862699851
-0.030586276409838575
-0.03374918409520533
-0.016147165638905836
-0.01348529745325755
0.0038276144376460097
-0.007839505823655113
-0.014237530956883404
-0.022368193659278335
-0.027278914346569927
-0.033998615861227766
-0.03830210986409033
-0.04443357717515539
-0.04844891771235593
-0.054382983387229133
-0.05827275188598158
-0.06423320830563517
-0.06809179101999896
-0.07404384303567291
-0.07783144805150544
-0.08216279269948679
-0.08725616562126803
-0.09622211959973392
-0.10099729213083108
-0.1109132446360852
-0.11641587533844233
-0.1290499664399991
-0.136359135517248
-0.15543903801888437
-0.16716305096975526
-0.20356723331318283
-0.22883384878729007
-0.32899235348490574
-0.4257702386916502
-0.8067435899700397
-0.8070061987300814
-0.4258725186442187
-0.32910973321434867
-0.22889237542886987
-0.20364030229515184
-0.16720402863788975
-0.1554892052423631
-0.13638871666074337
-0.1290843036890379
-0.11643610348171118
-0.11093426924593652
-0.1010088652552561
-0.09623031228978451
-0.08725958655511112
-0.08216624366834635
-0.07771932372593238
-0.07398420408785067
-0.06797689367506066
-0.06416464270506839
-0.058135061710268054
-0.05430226937589944
-0.04828125816847484
-0.04433758070496352
-0.038094260365596044
-0.03388313872305315
-0.027014777146799673
-0.022228141758258824
-0.013886269399430384
-0.007670902280341396
0.004338541642564198
0.2764737400202837
0.4067932557375775
0.24507837257513576
0.19624955353987172
0.2243742876969289
0.18030727842859628
0.13891037890903346
0.16282437101494796
0.12357980354037079
0.0757215324101953
0.09840114501541697
0.04734833338179978
-0.0070900614382838345
-0.007906123754037653
-0.017947741738701728
-0.042993204150494346
-0.056427192226999434
-0.057349018929099715
-0.0700446999491966
-0.05130000630399478
-0.13040504250218188
-0.10497692765658373
-0.1077216553332696
-0.2127099356551172
-0.21270993565511565
-0.10772165533327138
-0.13040504250218032
-0.10497692765658284
-0.05130000630399345
-0.056427192226999434
-0.0700446999491966
-0.05734901892909927
-0.042993204150494346
-0.017947741738695955
-0.0070900614382838345
-0.007906123754037209
0.047348333381800445
0.07572153241019486
0.09840114501541863
0.12357980354036913
0.13891037890903135
0.16282437101496228
0.18030727842859284
0.19624955353986973
0.22437428769687295
0.24507837257513376
0.2764737400202836
0.40679325573777303
0.2557644865351134
0.22736396001753523
0.16972716741702676
0.15845119293315768
0.1140091280426676
0.10432005138567935
0.06328465852482046
0.051097667129341495
0.01196947353119071
-0.004096188396636835
-0.04188374286318419
-0.06032161634126654
-0.10052661658008955
-0.12711129728684778
-0.16714819962601712
-0.20832756554956866
-0.2358835586713206
-0.25688983208864524
-0.2526665212659196
-0.2514900718597175
-0.2758324977684714
-0.311796059357484
-0.2815226810581515
-0.2978705743867771
-0.33562253711114765
-0.3346892868605751
-0.35017355793130744
-0.4054205823167454
-0.4041909683903271
-0.37988797930919405
-0.39005672773423017
-0.44099267013298094
-0.3971619886364586
-0.3949614812829281
-0.4056735565298424
-0.5008258431858923
-0.36764219993281766
-0.3669721834303241
-0.42560362781406513
-0.2803256775618723
-0.22921589838499412
-0.3693691355148794
0.2459173700197208
0.5781281920951519
0.6255136053058343
0.6255136053058326
0.5781281920951732
0.24591737001976344
-0.22921589838499168
-0.3693691355148654
-0.2803256775618683
-0.3669721834303272
-0.4256036278140647
-0.36764219993281966
-0.3949614812829281
-0.5008258431858759
-0.40567355652984816
-0.3971619886364597
-0.39005672773422906
-0.4409926701329794
-0.37988797930919205
-0.40419096839032664
-0.3501735579313079
-0.4054205823167458
-0.3346892868605751
-0.29787057438677955
-0.3356225371111554
-0.28152268105815104
-0.25149007185971817
-0.31179605935745247
-0.2758324977684774
-0.2526665212659196
-0.20832756554956822
-0.25688983208864635
-0.2358835586714425
-0.16714819962601601
-0.12711129728684667
-0.1005266165800891
-0.06032161634126654
-0.041883742863184636
-0.004096188396637723
0.01196947353119071
0.05109766712934105
0.06328465852481979
0.10432005138567824
0.1140091280426676
0.15845119293315713
0.1697271674170273
0.227363960017537
0.25576448653511896
0.24122933415461867
0.20756220368385703
0.1524085231077329
0.1375155603913456
0.09686419863982298
0.08522722490026202
0.04804141478106838
0.036648049879883016
-1.889379831321314e-05
-0.01266062072191887
-0.05002290197987547
-0.0649550456128043
-0.10341057601992354
-0.12152936475775178
-0.16032557953930926
-0.1823123508696951
-0.2225779025151593
-0.2394020244673809
-0.280016860020055
-0.29425164775103485
-0.33175599912869336
-0.3408325451821661
-0.37206733037896367
-0.37370904372988845
-0.39332094995437794
-0.38635341140832247
-0.3837169170926704
-0.36618283012397446
-0.2796226289216346
-0.2491945530819859
0.39920348659127447
0.6113001091750987
0.6113001091751384
0.399203486591279
-0.2491945530819908
-0.2796226289216346
-0.36618283012397645
-0.3837169170926724
-0.3863534114083229
-0.39332094995437905
-0.37370904372988845
-0.37206733037896367
-0.34083254518216655
-0.3317559991286929
-0.29425164775103485
-0.2800168600200559
-0.23940202446738135
-0.22257790251515974
-0.1823123508696951
-0.16032557953930993
-0.12152936475775178
-0.10341057601992354
-0.06495504561280385
-0.05002290197987591
-0.012660620721919313
-1.889379831321314e-05
0.036648049879883016
0.04804141478106838
0.08522722490026202
0.09686419863982365
0.13751556039134616
0.15240852310773334
0.2075622036838627
0.24122933415463366
0.23196512333536856
0.19539322419777472
0.14014944414574204
0.12381501810626261
0.08276506026652664
0.07104198589056254
0.03292502156413957
0.022820247975284924
-0.014767239700831603
-0.025009391952476756
-0.06271443440707691
-0.07431001629260736
-0.1124141932856546
-0.12614458321389455
-0.1642477824259383
-0.18080957569699785
-0.21725088736625686
-0.2355395689615516
-0.2693245141322502
-0.28311690309337445
-0.31436245722810074
-0.32058749683790744
-0.3478764478784131
-0.3441090329161065
-0.3655386723343854
-0.3505257004048068
-0.3554371111264947
-0.33044297175694615
-0.25412210792175327
-0.2202942690672065
0.4045736754761786
0.6109889613801966
0.6109889613802114
0.4045736754761674
-0.2202942690672236
-0.2541221079217557
-0.33044297175694415
-0.3554371111264951
-0.3505257004048077
-0.36553867233438697
-0.3441090329161054
-0.3478764478784122
-0.320587496837907
-0.31436245722810074
-0.28311690309337445
-0.2693245141322502
-0.2355395689615516
-0.2172508873662573
-0.1808095756969983
-0.16424778242593785
-0.12614458321389455
-0.1124141932856546
-0.07431001629260603
-0.06271443440707647
-0.0250093919524772
-0.014767239700831158
0.022820247975285146
0.03292502156413912
0.07104198589056299
0.08276506026652708
0.12381501810626283
0.14014944414574204
0.19539322419778105
0.23196512333538832
0.23966809257123745
0.1956415325872044
0.14270598836308812
0.11894382764069766
0.08384867744684998
0.06339714076151948
0.03379176893543401
0.014100311911927732
-0.013569201413837106
-0.03323769081309913
-0.06079040885245579
-0.08083286546970592
-0.10928492285940328
-0.1300702637507698
-0.15924313847182225
-0.18128416928500757
-0.21634077658181816
-0.2287487645490769
-0.2635112440411991
-0.27465829157671773
-0.302508771076478
-0.31044572047558194
-0.3277044035345722
-0.3313119983071988
-0.33457540965176435
-0.33292249781110117
-0.3119147399285802
-0.3049588161979928
-0.20196351231134235
-0.18498909464606328
0.356961149284315
0.5078883304488512
0.5078883304488853
0.3569611492843501
-0.18498909464604685
-0.2019635123113428
-0.30495881619799436
-0.3119147399285802
-0.33292249781110206
-0.3345754096517659
-0.33131199830720015
-0.32770440353457264
-0.31044572047558283
-0.30250877107647867
-0.27465829157671773
-0.2635112440411991
-0.22874876454907644
-0.21634077658181772
-0.18128416928500823
-0.1592431384718227
-0.13007026375077024
-0.10928492285940328
-0.08083286546970525
-0.06079040885245535
-0.033237690813098464
-0.013569201413836218
0.014100311911928176
0.03379176893543423
0.06339714076151948
0.08384867744685043
0.11894382764069822
0.14270598836309034
0.1956415325872205
0.23966809257126975
0.24020175779911013
0.19761187859278484
0.14374271237171865
0.12237612323136449
0.0858220315014977
0.06849876304174674
0.03694438885038165
0.020704443145274642
-0.00912369640282007
-0.02548165273726366
-0.05512071868692803
-0.0722263056521768
-0.10260356270205606
-0.120803150989089
-0.1517741613558159
-0.17174712888731736
-0.20679137164163808
-0.22123124419334483
-0.25467798118772733
-0.26792964717271994
-0.29568437789854163
-0.3050861715534603
-0.3244650215717517
-0.3278730830792247
-0.33603024909989165
-0.3319520900235049
-0.3180208724514426
-0.30632064125621405
-0.21087621826221636
-0.18777398761552666
0.35257863332675166
0.5071914531647292
0.5071914531647398
0.3525786333267623
-0.18777398761551356
-0.21087621826221836
-0.3063206412562145
-0.31802087245144417
-0.3319520900235058
-0.3360302490998912
-0.3278730830792247
-0.3244650215717517
-0.30508617155345963
-0.29568437789854163
-0.26792964717271994
-0.25467798118772733
-0.22123124419334483
-0.20679137164163808
-0.17174712888731736
-0.15177416135581678
-0.120803150989089
-0.10260356270205562
-0.07222630565217725
-0.05512071868692847
-0.025481652737263216
-0.009123696402819181
0.020704443145275198
0.036944388850382315
0.06849876304174696
0.0858220315014977
0.12237612323136549
0.1437427123717201
0.19761187859279894
0.24020175779915487
0.24027817594228817
0.19757963906238196
0.1437329273354666
0.12259857922595563
0.08611751893184527
0.0692061825542788
0.03774081610735447
0.022120035666942206
-0.007653944522040046
-0.023189737353657147
-0.052841647745233145
-0.06895070560281069
-0.09944175645562447
-0.11661430589333421
-0.14771750079173573
-0.16697157338877133
-0.20208775602813223
-0.216929967204748
-0.24979636314680742
-0.2635588473419801
-0.29109031923534245
-0.3006697528401958
-0.3205180730682604
-0.3236526030892739
-0.33272447673639016
-0.32842880492194015
-0.315055875453232
-0.30348104773261353
-0.20823142423944674
-0.18578462342850988
0.3538005902664505
0.5076260047145227
0.5076260047145571
0.3538005902664585
-0.18578462342847457
-0.20823142423945096
-0.3034810477326182
-0.3150558754532331
-0.32842880492194215
-0.3327244767363924
-0.3236526030892739
-0.3205180730682593
-0.3006697528401969
-0.291090319235342
-0.2635588473419801
-0.24979636314680742
-0.216929967204748
-0.20208775602813223
-0.16697157338877044
-0.14771750079173573
-0.11661430589333421
-0.09944175645562447
-0.06895070560281069
-0.052841647745233145
-0.023189737353657147
-0.00765394452204049
0.022120035666941762
0.03774081610735425
0.06920618255427802
0.08611751893184416
0.12259857922595585
0.14373292733546894
0.1975796390624016
0.24027817594234446
0.24087630089121392
0.19775362786800021
0.14414405701001431
0.12291509453719374
0.0868703886547535
0.06986114323311188
0.03907502807009611
0.02331280655616408
-0.005464473788307611
-0.02127423578677856
-0.049614705485572896
-0.06621452705208197
-0.09511659349193868
-0.11312332158811
-0.14246401254161456
-0.16303965396320041
-0.1984881726623886
-0.21206867649597627
-0.24612110446268476
-0.259140341467605
-0.2876115523211209
-0.29662977784411426
-0.31736755537342254
-0.3201641750332669
-0.32971175040625944
-0.3257376526069806
-0.31202909996057304
-0.3014255359171021
-0.20534407230906204
-0.18442380216675747
0.3555691067756429
0.5077888354577396
0.5077888354577585
0.3555691067756508
-0.18442380216673704
-0.20534407230906115
-0.30142553591710297
-0.3120290999605746
-0.32573765260697907
-0.3297117504062599
-0.320164175033268
-0.31736755537342254
-0.29662977784411426
-0.2876115523211209
-0.2591403414676057
-0.24612110446268476
-0.21206867649597627
-0.19848817266238816
-0.16303965396320041
-0.14246401254161456
-0.11312332158811045
-0.0951165934919398
-0.06621452705208197
-0.049614705485572896
-0.02127423578677856
-0.005464473788308499
0.023312806556163745
0.039075028070095885
0.06986114323311099
0.08687038865475327
0.1229150945371944
0.14414405701001165
0.19775362786803108
0.24087630089129242
0.23144840860547744
0.19687813965021939
0.13399066541138072
0.12235949734033957
0.07817050015561589
0.07045781133054285
0.033779952139952885
0.025851134245221674
-0.004766307128155178
-0.015805733136818656
-0.039985369202934384
-0.05693984556287224
-0.0741568483835553
-0.09994137307987239
-0.10965787447133302
-0.1473783913212101
-0.18274063905591142
-0.1688543627903134
-0.23328400388620874
-0.21872236107463605
-0.2790077071526593
-0.2693734256345468
-0.3122637288931456
-0.3103759616915207
-0.32676615161297673
-0.3288085871242532
-0.3103473411510054
-0.3110366846010246
-0.20442765923528006
-0.19744835089041612
0.35431662781662343
0.49216235036612965
0.49216235036614153
0.3543166278166363
-0.19744835089049406
-0.20442765923527229
-0.31103668460102174
-0.31034734115100493
-0.32880858712425165
-0.3267661516129756
-0.31037596169152115
-0.3122637288931456
-0.2693734256345468
-0.27900770715265977
-0.21872236107463605
-0.23328400388620874
-0.16885436279031296
-0.18274063905591142
-0.1473783913212101
-0.10965787447133346
-0.0999413730798715
-0.07415684838355618
-0.05693984556287268
-0.03998536920293572
-0.015805733136818656
-0.004766307128155622
0.025851134245220564
0.033779952139951774
0.07045781133054263
0.07817050015561589
0.1223594973403408
0.13399066541137272
0.196878139650275
0.2314484086055778
-0.008062184242493275
-0.008594301953674943
-0.027879016285175195
-0.022845511599455248
-0.03960355599676779
-0.03380853769431669
-0.04883168750237199
-0.04353600121520085
-0.0570657755807682
-0.05285185449387764
-0.0649538940151686
-0.062221753301640925
-0.07285948258031572
-0.0718381675735622
-0.08077293732408974
-0.08287206079770493
-0.08380054686436589
-0.09638784687754787
-0.0982511709405185
-0.11352840233170824
-0.11629012529585414
-0.1393219916293953
-0.14210482843973082
-0.1821790297264445
-0.18414014968379888
-0.26341197225214796
-0.26643319585121517
-0.4626419452232051
-0.500627329408754
-1.4093556547674915
-1.4093556547675359
-0.5006273294087393
-0.46264194522318647
-0.2664331958512107
-0.26341197225214397
-0.184140149683798
-0.18217902972644406
-0.14210482843973038
-0.13932199162939396
-0.1162901252958537
-0.11352840233170758
-0.09825117094051805
-0.09638784687754742
-0.08380054686436589
-0.08287206079770493
-0.08077293732408974
-0.07183816757356265
-0.07285948258031527
-0.06222175330164181
-0.06495389401516949
-0.05285185449387808
-0.05706577558076886
-0.043536001215201736
-0.048831687502373766
-0.03380853769431802
-0.039603555996772455
-0.0228455115994588
-0.027879016285190072
-0.008594301953689598
-0.008062184242593196
0.01272306820175606
0.0012163222723441391
-0.005170959653899798
-0.013125181383730311
-0.018114078933672895
-0.02471806789247455
-0.02917210955487204
-0.03528771996902447
-0.03952758507322063
-0.04559258008745459
-0.0497778535342448
-0.05608154742854432
-0.060291651765578935
-0.06693274561120122
-0.07112953697538238
-0.07617115367852034
-0.08117441963442418
-0.09138493752711474
-0.09615299165591407
-0.10743859996294747
-0.1132008662407411
-0.12747411220958194
-0.13549871606171426
-0.15683250182545794
-0.1698951789587182
-0.20963831548744372
-0.23711289164777738
-0.34196974205676844
-0.44108930334369645
-0.8469589699253859
-0.846958969925395
-0.44108930334369756
-0.34196974205676534
-0.23711289164777205
-0.20963831548744283
-0.16989517895871975
-0.15683250182545705
-0.13549871606171515
-0.12747411220958105
-0.1132008662407411
-0.10743859996294747
-0.09615299165591407
-0.09138493752711474
-0.08117441963442462
-0.0761711536785199
-0.07112953697538282
-0.06693274561120166
-0.060291651765578935
-0.056081547428543876
-0.0497778535342448
-0.04559258008745459
-0.03952758507322107
-0.03528771996902447
-0.029172109554872483
-0.024718067892475437
-0.01811407893367334
-0.0131251813837312
-0.005170959653902907
0.0012163222723428069
0.012723068201739074
