0.28152478118198987
0.293815243267213
0.3251633895514816
0.3349302021797138
0.33493020217971115
0.3251633895514837
0.29381524326724207
0.28152478118192237
0.2713627970513639
0.2864048302830131
0.30351658000947523
0.31256333635609246
0.312563336356093
0.30351658000946957
0.28640483028305885
0.2713627970512875
0.05931949386709168
0.10501621411375328
0.08825531749216087
0.13373397138805043
0.13797794628123916
0.14980210312536713
0.1449733126813505
0.1620674744139563
0.1620674744139342
0.1449733126813355
0.14980210312534847
0.13797794628123483
0.13373397138804466
0.08825531749215298
0.10501621411374928
0.05931949386708757
0.05477767215051421
0.10475312039799556
0.08297173454330964
0.11448530433751858
0.10920766330704579
0.1312663944368524
0.1218501560674835
0.1452902918305934
0.1452902918306006
0.12185015606748106
0.13126639443683785
0.10920766330703213
0.11448530433752047
0.08297173454331308
0.10475312039798801
0.05477767215049478
-0.09659624699814517
-0.0731716575116168
-0.08695839329930766
-0.060590484154663615
-0.04044568985275032
-0.029760629057789423
-0.030931186318226445
-0.027120063368664793
-0.027120063368657243
-0.03093118631822689
-0.02976062905779031
-0.040445689852751654
-0.06059048415465407
-0.08695839329929611
-0.07317165751161547
-0.0965962469981434
-0.09647887518769194
-0.07347143546605084
-0.08517119521984329
-0.06804776478634222
-0.06395509853475256
-0.05146253734493733
-0.05085379687356428
-0.04004508614496061
-0.04004508614495572
-0.05085379687356206
-0.05146253734493733
-0.06395509853475123
-0.06804776478634955
-0.08517119521984018
-0.07347143546603929
-0.09647887518767995
-0.15333790977631634
-0.14425007053700645
-0.15582397066875298
-0.14516201019463448
-0.14282283555042197
-0.1262756940184413
-0.129185912364578
-0.12936016699033837
-0.12936016699033415
-0.12918591236457377
-0.12627569401842886
-0.14282283555041952
-0.1451620101946378
-0.15582397066875964
-0.14425007053701133
-0.15333790977632122
-0.1504055268478106
-0.14370247291754423
-0.1495137919409406
-0.14330598471661649
-0.143342592960779
-0.13606911389614518
-0.13693985370362438
-0.1306273973639973
-0.13062739736399775
-0.1369398537036306
-0.13606911389614607
-0.14334259296078478
-0.1433059847166127
-0.1495137919409406
-0.14370247291754334
-0.15040552684780528
-0.12708064482209935
-0.15399054867033302
-0.14261115897699117
-0.1700315307536877
-0.15802321344952008
-0.16276747257652935
-0.152539287990912
-0.17536737704713112
-0.1753673770471278
-0.15253928799090866
-0.1627674725765218
-0.15802321344951586
-0.1700315307536906
-0.1426111589769925
-0.15399054867033635
-0.1270806448221069
-0.12263612941660673
-0.15365158537713786
-0.12757818338510818
-0.1587405042450607
-0.13390658208816797
-0.16119157047142796
-0.1366703532745428
-0.16356353580180238
-0.1635635358017966
-0.1366703532745377
-0.16119157047142507
-0.1339065820881662
-0.15874050424505715
-0.12757818338510352
-0.15365158537713897
-0.12263612941661428
-0.04511731042954481
-0.09805366745731314
-0.07035066383873523
-0.11717062780217335
-0.07973187335069243
-0.13996172450302558
-0.07857869631579684
-0.14326952987590547
-0.14326952987590302
-0.07857869631579839
-0.13996172450302558
-0.07973187335069332
-0.1171706278021678
-0.07035066383873145
-0.09805366745730604
-0.045117310429535706
-0.04164164769105083
-0.09635491121866124
-0.05130649644024965
-0.10205420901804851
-0.05969368174808776
-0.11329145023904563
-0.06494610930443101
-0.1186795425916789
-0.11867954259167846
-0.06494610930443301
-0.11329145023904941
-0.059693681748088645
-0.10205420901805362
-0.051306496440256755
-0.09635491121865747
-0.04164164769104306
0.04209665217528247
-0.009046985966479903
-0.02715227271419196
-0.039346613133785846
-0.03206249210326506
-0.06562296289306269
-0.043297033421549225
-0.0684837400861309
-0.06848374008613556
-0.043297033421551445
-0.06562296289306269
-0.03206249210326728
-0.03934661313378718
-0.027152272714191072
-0.00904698596648168
0.04209665217528469
0.04700516741533911
-0.006300883718644679
-0.02112783110076588
-0.02600529953080022
-0.03850097471574232
-0.04512404793751523
-0.04249511778353243
-0.05243375826567265
-0.052433758265673314
-0.0424951177835311
-0.045124047937514344
-0.03850097471574565
-0.02600529953080022
-0.02112783110076233
-0.006300883718646011
0.047005167415337556
0.2142085640020026
-0.03055755085389289
-0.07869049072312984
0.5079739764662166
0.21746971192753217
-0.20489357320825485
-0.19299817207721826
-0.18160643891211414
-0.1812467750292457
-0.17978639590851286
-0.16868742966108918
-0.1543258793988247
-0.2071824496403687
0.08789606459019472
-0.07553774250101797
-0.03166431386931112
-0.01588922292222339
-0.017601614966126222
-0.03671937390750668
-0.04375375066748299
-0.043753750667485436
-0.03671937390750357
-0.017601614966126222
-0.01588922292221806
-0.031664313869312455
-0.07553774250101553
0.08789606459019661
-0.20718244964038623
-0.18160643891211214
-0.19299817207719783
-0.17978639590852064
-0.18124677502923303
-0.15432587939878406
-0.16868742966112515
-0.030557550853905324
-0.2048935732082524
-0.07869049072314005
0.5079739764634197
0.2174697119278951
0.21420856400206145
0.2283632923941088
0.2328680290471814
0.5206869171578719
-0.0559704823766034
-0.011046187183195944
-0.13994550768060643
-0.15628861247602588
-0.1682141179173211
-0.17056367797412508
-0.17222850991659056
-0.18445104978193538
-0.19678531748704975
-0.20040617679650086
0.09756732242979615
-0.0671775521095872
-0.02106196705621488
-0.04846229681826553
-0.03776561972362669
-0.04370894007962467
-0.04193810223813532
-0.041938102238133546
-0.04370894007962689
-0.03776561972363068
-0.04846229681826464
-0.021061967056216213
-0.06717755210958676
0.0975673224297956
-0.20040617679650818
-0.01104618718318906
-0.13994550768057334
-0.15628861247603343
-0.168214117917302
-0.17056367797413463
-0.17222850991658523
-0.18445104978192717
-0.19678531748707062
0.2283632923940061
0.23286802904743753
0.5206869171549586
-0.05597048237660518
-0.19054147181257797
-0.15793471232573952
-0.16016448063922772
-0.17347181148559754
-0.19403403072574
-0.20074634269554537
-0.19852143537606448
-0.19477763372756596
-0.08018377372747465
-0.0939099374057697
-0.02168380097587197
-0.018344326510774556
-0.037135255105875675
-0.03896032576754349
-0.03896032576754127
-0.037135255105869014
-0.018344326510767672
-0.021683800975870193
-0.09390993740577391
-0.08018377372748065
-0.19403403072574066
-0.19852143537620437
-0.1947776337275382
-0.20074634269551317
-0.15793471232573775
-0.17347181148559088
-0.16016448063922484
-0.19054147181258374
-0.19303083721119063
-0.17614526824952126
-0.16302668263734077
-0.1612821015081125
-0.19414094812633365
-0.19495124979305456
-0.19025653396281195
-0.19519877539587793
-0.0917335608442702
-0.09740967129607236
-0.058918410809874144
-0.05808253774863181
-0.04693630192953635
-0.04671728640420936
-0.04671728640421291
-0.046936301929536794
-0.058082537748630036
-0.0589184108098737
-0.09740967129607458
-0.09173356084427287
-0.19414094812633165
-0.1951987753960911
-0.19495124979301282
-0.19025653396279885
-0.16128210150811628
-0.19303083721118108
-0.1761452682495117
-0.16302668263734033
-0.11488603313246881
-0.11167594889702381
-0.11468792471953182
-0.09159736696306675
-0.10413497844544306
-0.13750976491215816
-0.15714806673507264
-0.051890216801310673
-0.08867087336150181
-0.033949816219455586
-0.03163385760633042
-0.03445200981030849
-0.036206435686066074
-0.03620643568606474
-0.034452009810314266
-0.03163385760632731
-0.033949816219458695
-0.08867087336150359
-0.051890216801315336
-0.13750976491216615
-0.15714806673504778
-0.09159736696306853
-0.11488603313251478
-0.1146879247195407
-0.1041349784454364
-0.11167594889702159
-0.12110665886077543
-0.12113622360643883
-0.11836988134054893
-0.11091647766803847
-0.09824566110046073
-0.1431865952643967
-0.1610792948855133
-0.06729202988525373
-0.10015935155606503
-0.05033544585695782
-0.06341376082382921
-0.041803324368630435
-0.047341882567365046
-0.04734188256735905
-0.041803324368629546
-0.06341376082382721
-0.05033544585695582
-0.1001593515560617
-0.06729202988525418
-0.14318659526440003
-0.16107929488550532
-0.0982456611004836
-0.12110665886079608
-0.12113622360644127
-0.11836988134053517
-0.11091647766803625
0.0640472595880689
-0.010679704845810933
0.003977070999215071
-0.008802784897005589
0.06305491650847861
0.05606509993828335
0.052111412119850486
0.0471126767195682
0.038396314710630985
0.029329224331647197
0.016002985903646016
-0.04466384106731236
-0.08516534183737301
-0.07995093716276891
-0.07439194692343198
-0.02299233388205102
-0.04509627364974689
-0.02788766420647648
-0.02846760867918996
-0.029052220106936755
-0.03084138355251209
-0.030841383552516755
-0.02905222010693964
-0.028467608679193512
-0.027887664206476037
-0.04509627364974689
-0.02299233388205235
-0.04466384106730148
-0.0743919469234453
-0.07995093716277624
-0.085165341837379
0.06404725958797608
0.06305491650840767
-0.010679704845820703
-0.008802784897037341
0.05606509993834763
0.05211141211989223
0.047112676719609614
0.03839631471063465
0.029329224331610892
0.016002985903664335
0.003977070999217069
0.05662973726673326
-0.01885842395429571
-0.004881784135601475
0.006735025902612435
0.019661213528372357
0.028536599780441096
0.03722045709607291
0.04234989269420353
0.04665187651231395
0.05533838103787092
-0.01722166526758473
-0.05204422785356755
-0.09183404581034682
-0.08689727294364791
-0.08139721443518044
-0.02763216430823734
-0.053192726230169685
-0.031864231437390034
-0.04468018521493988
-0.031610695880443185
-0.038321515958418706
-0.038321515958426255
-0.031610695880440076
-0.044680185214943435
-0.031864231437390034
-0.05319272623017057
-0.027632164308234675
-0.05204422785356644
-0.08139721443509029
-0.08689727294362704
-0.09183404581036303
0.05662973726668996
0.0553383810378546
-0.004881784135627898
-0.017221665267593167
0.006735025902593006
0.0196612135283738
0.03722045709610622
0.028536599780507932
0.04234989269415279
0.046651876512393
-0.018858423954271952
0.004686060582977047
0.03685111721773604
-0.014342928214544415
-0.008881043894719998
-0.024057775474378262
-0.023508991883422592
-0.027419548438171848
-0.02745245773606042
-0.027452457736054425
-0.027419548438170516
-0.02350899188342126
-0.024057775474374266
-0.008881043894716889
-0.014342928214544415
0.03685111721774237
0.004686060582976603
0.004182486069348457
0.03427056213796764
-0.014160015028098272
-0.011533583902136435
-0.022631160601209066
-0.025177452803933464
-0.025053837895734787
-0.028203116261780403
-0.028203116261780403
-0.025053837895731235
-0.0251774528039308
-0.022631160601213507
-0.011533583902137767
-0.014160015028098716
0.03427056213797053
0.004182486069348013
-0.01937343681886161
-0.0018582791653853903
-0.02570800029406861
-0.014062327637112126
-0.030808490197881566
-0.023652656105947578
-0.03339004651761468
-0.028009180534940503
-0.02800918053494139
-0.033390046517612904
-0.02365265610594447
-0.03080849019788645
-0.014062327637116567
-0.025708000294063282
-0.0018582791653902753
-0.01937343681886472
-0.018065709762899118
-0.0018516723348880326
-0.02205043611444002
-0.01303685577230329
-0.024441721833985186
-0.021008041538504107
-0.024920388192739118
-0.024015238719475196
-0.024015238719469867
-0.024920388192746
-0.02100804153850766
-0.024441721833983854
-0.01303685577229885
-0.02205043611443691
-0.0018516723348893649
-0.018065709762900894
-0.04451593552447952
-0.02591353310407718
-0.0477565165763294
-0.030548631023272765
-0.05046819494594823
-0.035074275043915026
-0.05260966944838885
-0.03775816371229013
-0.03775816371228857
-0.05260966944838419
-0.03507427504391791
-0.05046819494594734
-0.03054863102327099
-0.04775651657633273
-0.025913533104072517
-0.044515935524478634
-0.04199716338085935
-0.025115551117329105
-0.04011629375843473
-0.026711096140873414
-0.035197038920036006
-0.02733816693193969
-0.029763051267895246
-0.026403679247412715
-0.02640367924741316
-0.02976305126789658
-0.027338166931941466
-0.03519703892003334
-0.026711096140873858
-0.040116293758434285
-0.02511555111732955
-0.04199716338085979
-0.10785069783021961
-0.05786849899969848
-0.11197714844199802
-0.06157453678141511
-0.11747509635686715
-0.06491582671645713
-0.12191972140997653
-0.06716106672419442
-0.06716106672419953
-0.1219197214099863
-0.06491582671645202
-0.11747509635685827
-0.06157453678140956
-0.11197714844199136
-0.05786849899969804
-0.10785069783021117
-0.10500614751610837
-0.056846627523410964
-0.10218605650633572
-0.05534156709458027
-0.08580762364817796
-0.048462483015973445
-0.0492934402559384
-0.03589141703269538
-0.03589141703270071
-0.04929344025593929
-0.048462483015975666
-0.08580762364818129
-0.05534156709458338
-0.10218605650634216
-0.056846627523410964
-0.10500614751609993
-0.16149177418850358
-0.12506309396911752
-0.16291254988704718
-0.13061976155193555
-0.16739713796468436
-0.13721548959223062
-0.16984171630487332
-0.1407942151787298
-0.14079421517873447
-0.16984171630488354
-0.13721548959223062
-0.1673971379646868
-0.13061976155193689
-0.16291254988705584
-0.12506309396911486
-0.16149177418850358
-0.1639785278798045
-0.12420678393316753
-0.17141732170476875
-0.125323713241692
-0.18269031031333705
-0.1098741623148154
-0.2248746459379749
-0.03144566048156161
-0.03290306272362642
-0.563446404218984
-0.5447812289531839
0.0010715575108356523
0.045692289443534206
0.0451429653282831
0.08960880478828659
0.05394403971203354
0.023715843672368786
0.16547728577013798
0.35523558096010366
0.3552355809600879
0.16547728577008858
0.04514296532829509
0.05394403971205852
0.08960880478806521
0.04569228944356052
0.0010715575107701492
0.02371584367252144
-0.22487464593797002
-0.56344640421895
-0.5447812289530833
-0.03290306272362509
-0.03144566048154229
-0.1098741623148145
-0.18269031031333816
-0.12532371324170088
-0.17141732170477164
-0.12420678393318108
-0.16397852787981493
-0.152569464730959
-0.15178095364465172
-0.14889947016450744
-0.1492455915290256
-0.1432454505239118
-0.14796933072673202
-0.13628154681370352
-0.14760384586357533
-0.14760384586357334
-0.13628154681370308
-0.14796933072672358
-0.14324545052389515
-0.14924559152901717
-0.14889947016450034
-0.15178095364465927
-0.1525694647309661
-0.1625245746738817
-0.15750108462996293
-0.17812268884957883
-0.17276119520071243
-0.2122220518039788
-0.20422660687660454
-0.25119851983444597
-0.29077938527435876
-0.2994529655252396
-0.29812066807241155
-0.3115280014886992
-0.4875958964992393
-0.38072237461517666
-0.3475409402072749
-0.3131289332190199
-0.3075008024294472
-0.4875958964992362
-0.3807223746152122
-0.31152800148877446
-0.3075008024294401
-0.31312893321900015
-0.34754094020732795
-0.25119851983446684
-0.29945296552520473
-0.2981206680724253
-0.29077938527356406
-0.2042266068766163
-0.212222051803991
-0.17276119520071043
-0.1781226888495837
-0.15750108462996248
-0.16252457467388748
-0.08239346548714366
-0.0964540200003885
-0.0747825642529849
-0.08479561928075996
-0.06015989695319979
-0.07255289651160712
-0.04524147652195043
-0.06626927657711734
-0.06626927657711912
-0.04524147652195132
-0.072552896511624
-0.060159896953208
-0.08479561928076729
-0.0747825642529929
-0.09645402000037828
-0.08239346548713677
-0.09019112325496237
-0.10603304041273498
-0.08855109078348922
-0.11431477805690848
-0.08261935189491187
-0.12746882601592002
-0.04492730250046062
-0.06766422642543635
-0.44376829279246843
-0.09338574120316645
-0.32427643062682
-0.24257801555798464
-0.17748591615506393
-0.1520714359587405
-0.12991956305810826
-0.32427643062703004
-0.09338574120327747
-0.12991956305795682
-0.17748591615505727
-0.242578015558089
-0.15207143595880868
-0.044927302500421984
-0.44376829279213026
-0.06766422642685743
-0.12746882601592335
-0.0826193518949101
-0.11431477805691204
-0.08855109078349255
-0.1060330404127392
-0.09019112325495815
0.10211198052172576
0.07010029358796899
0.10866216370557491
0.08217351710124032
0.12441645439588567
0.09640820918282422
0.14050849649122765
0.09326603620599105
0.0932660362059815
0.14050849649122155
0.09640820918283333
0.12441645439589966
0.08217351710125098
0.10866216370558834
0.07010029358796366
0.10211198052170722
0.10274402466807941
0.06632023840283285
0.11863995324725674
0.0818265691330462
0.15019001652360064
0.10812111855201001
0.1984265539178134
0.2062249330898348
0.22044658470794942
-0.2090820392512105
-0.020364687515536994
0.0331011651725166
0.08668609705583608
0.1086457674397896
0.12367296283625373
0.14236282752688534
0.16115898753925795
0.1673580569233566
0.2062249330593362
-0.20908203925079993
0.220446584692213
0.16735805695032813
0.16115898754253177
0.14236282753409413
0.12367296283625451
0.10864576744070598
0.08668609705583652
0.033101165172585656
-0.02036468751547904
0.1984265539177812
0.10812111855201845
0.15019001652360897
0.08182656913305897
0.11863995324725918
0.06632023840282186
0.10274402466804644
0.26864868140090126
0.2823187041987557
0.29915519446738537
0.31023750025689323
0.310237500256927
0.29915519446737393
0.282318704198701
0.26864868140095477
0.27389342773018
0.29749896096497574
0.32721530798095566
0.3555988204295599
0.3555988204295861
0.3272153079809549
0.297498960964947
0.2738934277301992
0.019984417291444068
0.20122863208558206
0.20149497052415888
0.1435261690381926
0.10588455983081868
0.10595955108575328
0.08102668778972288
0.04021781916639977
0.04021467217294794
0.03002046740588038
-0.009214599927606537
-0.009250496889235738
-0.014802643460440246
-0.045825985739637254
-0.05577546435965397
-0.06235200186837231
-0.06354285208696475
-0.07593246782754148
-0.08509043471581501
-0.08553188149036939
-0.09494085671762287
-0.11968875217548192
-0.12015648552185465
-0.1341073397303647
-0.14849542775810098
-0.15670193679238165
-0.19374775364313157
-0.16864519400309264
-0.2028002510226652
-0.1808577967403382
-0.24006142008379583
-0.2231072509411245
-0.2098780037934509
-0.2272817702796066
-0.28460292150484
-0.26145995637273933
-0.24226959131542558
-0.25464190779042006
-0.3129527854141694
-0.3080608697072551
-0.24786829055121573
-0.3279724718631498
-0.3145262874172352
-0.24322211128420346
-0.3519526486532014
-0.30683588152217744
-0.22184001510557239
-0.25267405050055425
0.2678899106719782
-0.0987777519596631
0.5525542602908371
0.3634792062204212
0.47747187118573164
0.48616523446979776
0.5167969411723838
0.5134584893689196
0.40635989696670993
-0.06648081391535943
0.5755300191716549
0.2985885598144551
-0.20083373820659234
-0.2370196526480568
-0.2860247820016606
-0.22980885409498075
-0.32747724023110814
-0.3006882576993777
-0.2391441460781063
-0.31277631840358544
-0.2994628289118315
-0.24855695835339553
-0.3034542766081121
-0.2379516322788393
-0.2578872353279136
-0.226262853277845
-0.2812400641713848
-0.2103241463431509
-0.22417564816136193
-0.18356745068458546
-0.24130109876757966
-0.206199460260984
-0.19752886940336434
-0.17326530320600408
-0.16169698731438986
-0.15374839788736572
-0.14033610224793813
-0.12609565991666605
-0.12568577907896006
-0.10215046158503527
-0.09211534492509776
-0.09175028159801268
-0.07125525951304335
-0.08287981330937111
-0.0693283267215512
-0.06298666566583089
-0.024039192536916554
-0.05326594235240378
-0.017844366271856815
-0.017810951138348408
0.018690153693127654
0.029289975573210225
0.02929814927970209
0.06659962442761092
0.09136819818952846
0.09131427789562452
0.12387779647651731
0.17905897113857983
0.17884908595140314
-0.030318757553376097
0.14668631615275607
0.16007522665067764
0.12463970875214536
0.08744874649036105
0.06603551245840067
0.03579908385420094
0.018783338591189302
-0.009210377050936636
-0.024611635956699685
-0.051707600651277774
-0.06682719217271949
-0.09363747357506425
-0.10912397043341704
-0.13507921858833227
-0.15236955097424532
-0.17929652196185275
-0.1989261771794455
-0.23018199234221348
-0.24438748723193537
-0.26807076857058343
-0.2836119612981671
-0.300391858093505
-0.31204028137550477
-0.32121787188922735
-0.3246564104566152
-0.32532093410869933
-0.3105359973496644
-0.3032692382368698
-0.2130732381275553
-0.23571547886453237
0.2703448532762368
0.620220043657882
0.6297240916769291
0.28977821183356267
-0.2067451006508676
-0.19576418726413758
-0.28540467840045247
-0.29832809510185054
-0.31350321769740597
-0.31641211807283764
-0.31364837175517124
-0.3068649112010722
-0.2961353889320639
-0.28084820745104655
-0.26642567061668254
-0.24348485680417742
-0.23044490043514543
-0.20218189243419782
-0.17956366749045394
-0.15529798268583495
-0.13746029790236602
-0.11280388613017989
-0.09683061826346107
-0.07123893853788599
-0.05583054327779968
-0.029874704956732945
-0.014504141883591393
0.012384769973124543
0.02891947532679029
0.057890066991366784
0.07821077840818735
0.11320195203365147
0.14623093856224267
0.12928249685075022
0.16839274422393324
0.15783264641262784
0.13228961536473716
0.08848721482720456
0.0723702488274175
0.038307438317993436
0.024383660761526094
-0.0061722461172584175
-0.019651626356691487
-0.04886814374258819
-0.06287571963009486
-0.09169445857037584
-0.10695084295161794
-0.1347132928046253
-0.15312825574254796
-0.18419670902379703
-0.19899654808953438
-0.2348805491967052
-0.24642447861710925
-0.275404056620403
-0.28655494975879847
-0.3092214055755427
-0.3145830816541828
-0.3301681842268862
-0.32574185742640793
-0.3330927551345051
-0.3084916836956455
-0.30873977619311077
-0.20600425267980094
-0.2395545172054605
0.2569233400131873
0.6523045766370208
0.6568859186303109
0.2684657110718113
-0.2229097355384202
-0.19587875266936905
-0.2983789093228377
-0.30124533769355444
-0.3260851712042925
-0.3207134477329656
-0.32548282199524636
-0.31128413655319287
-0.3063357480344042
-0.2846361742628416
-0.27396252919214015
-0.24560719001024678
-0.23456421444424125
-0.200731352280078
-0.18368303563645316
-0.15459523992941393
-0.1360066842000911
-0.10904308691242526
-0.09365208147387971
-0.06557934234947393
-0.05156812793956256
-0.0230214272428646
-0.009760029808226989
0.020177140328326737
0.03358275308110792
0.06693450629347719
0.08213287585393358
0.12459222329552544
0.14837021422839436
0.15684855899295458
0.07995015385835347
0.15833453508349327
0.06732927871275407
0.0935502262547494
0.05472585878033909
0.04606987062159551
0.02658133994679479
0.0030364236020871127
-0.010568124051495875
-0.03933719069089703
-0.052392838430634914
-0.0830362161647471
-0.09724714700640535
-0.1279926110176559
-0.14617862166544593
-0.18832093025360375
-0.19357710479861145
-0.2392829960480043
-0.24985060596195408
-0.28085194778397926
-0.2958615430374576
-0.31231850823059104
-0.32742787979575905
-0.3293086733123227
-0.33723804678519853
-0.33231152443503253
-0.3144847060412028
-0.3240819178312013
-0.20579506006295145
-0.3114644619361455
0.26297115154478445
0.35148925429347133
0.3640822058318096
0.27038802611551105
-0.30262354440688055
-0.1992577054090765
-0.3184476241537
-0.3097624297704593
-0.32849616446609997
-0.33390893248220377
-0.326477445719608
-0.3251960827869882
-0.3104067345341037
-0.29452476688698415
-0.27975159076431666
-0.24923994525530513
-0.23884236918486224
-0.19453728862282027
-0.18784189545108188
-0.146796904394775
-0.12879392595072225
-0.09818797201013152
-0.08431621601264272
-0.053544244464438506
-0.04114233543508483
-0.011809455802084479
0.0006141491943879585
0.025368128200952023
0.0428628460408349
0.053592737169333104
0.08921996208389926
0.0661460325229597
0.15185991511985275
0.07730292711564601
0.18223481393006502
0.03295226206229085
0.1514469327566319
0.018447434395416518
0.08811878935708006
0.0008863462626986784
0.038574076731230145
-0.024526750057113134
-0.006527060305284493
-0.05778333349741027
-0.0511966582543959
-0.09703570151406327
-0.09788571447360095
-0.14045576137893745
-0.14939445040574917
-0.19476666529776065
-0.1882450151990449
-0.2367325682081347
-0.23337573676777068
-0.2867697819266919
-0.2653003961067393
-0.3294666931866457
-0.2698097219497344
-0.35921188999581966
-0.22786101042248008
-0.37034395465859227
-0.11291866282152707
-0.3527391976324532
-0.3878811665942119
-0.28919475312050213
0.08708046793352309
0.7381462932777665
0.7411288381496375
0.09531617140570481
-0.2816860420981089
-0.38187905371066977
-0.3481809915930858
-0.1112627503419219
-0.3672728134267085
-0.22653551756810253
-0.35713074450076165
-0.268882523689721
-0.3281323332663062
-0.2647895273895411
-0.28602874418517765
-0.23326834826907072
-0.23647023890857088
-0.18874688798046502
-0.19462928522957168
-0.14995118264638996
-0.14132640147921172
-0.09876033856783217
-0.09827414224571296
-0.05239428057686757
-0.05941525899234712
-0.008081806166006844
-0.02652139841477208
0.03657351103201234
-0.0013114569003931376
0.08547745669481388
0.016396333253968942
0.14765740099545832
0.03165997408889598
0.17632682018430268
0.23938825087160243
0.15725771748253448
0.15609101935231162
0.09140791945939841
0.08864076574734214
0.04266325212680644
0.036072982846031554
-0.0017605118581434098
-0.011471036504407062
-0.04517188744933032
-0.05793436135470076
-0.08939972967495358
-0.10561314115911391
-0.13504282528135025
-0.15712581950975024
-0.18642985229081788
-0.20526196485872616
-0.24370062800114378
-0.25328424002375627
-0.29035820852265704
-0.29896512501926553
-0.3284914109746029
-0.3315180903544921
-0.35279137453503706
-0.3461082436509746
-0.35858301940961224
-0.3306271866562809
-0.3373301442103911
-0.2264238456502734
-0.2775577803359568
0.29764980767839533
0.6823635097147386
0.6862224771361582
0.3016505131632927
-0.27234890025975766
-0.22312339831701533
-0.3341552667846681
-0.3283003388183898
-0.3564163961833151
-0.3444764448279096
-0.35129577778618337
-0.3304099718243636
-0.3274963714462018
-0.2982785886945205
-0.2897754926798941
-0.25292945124016253
-0.2434529059988073
-0.20561953737137562
-0.1861764408816211
-0.15749394325207278
-0.13539892926718666
-0.10622609496237412
-0.09002227539680852
-0.0587983916644248
-0.04609187115505131
-0.012611818032223887
-0.0030302165022884076
0.03459242014164199
0.040951589868277405
0.0866811593917296
0.0890637032187751
0.1532842268697966
0.15368715027118107
0.2352670647380023
0.2535575467932061
0.15466077610463036
0.1588938578437754
0.09060835980895088
0.08989307173464145
0.0427492184239322
0.036548717924353546
-0.0012607632607295471
-0.011513265903046577
-0.044431003911756584
-0.058387803513683334
-0.08840507611676918
-0.10640145553693836
-0.1336617720720943
-0.15821979834912248
-0.18549211458666592
-0.20687333654703988
-0.24481716217224747
-0.2514232433964685
-0.2911834999772467
-0.2968838787821235
-0.32866688174042724
-0.3292769970716458
-0.3521884386244529
-0.3438716360087515
-0.35721409111437974
-0.3282927196577048
-0.33556770776108924
-0.22365281509566848
-0.28061170461772167
0.29254358064873964
0.7012934845813269
0.7039612594644034
0.2954670925346752
-0.27685788725730864
-0.22125671835656124
-0.33328789589410657
-0.3266034781142113
-0.3556587380513232
-0.34268704633210323
-0.3511100990998408
-0.3284726561957909
-0.3279487831400507
-0.2963828986469208
-0.29075681166023415
-0.25117252305279103
-0.24462883252736867
-0.20717576523780834
-0.1852451182618149
-0.1584861896160925
-0.13391017148245998
-0.10684658529144375
-0.08885303549391144
-0.059011978859196734
-0.04510058416975116
-0.01234006867156312
-0.0021898953890349127
0.03547295921667748
0.04149415179368077
0.0884742091180829
0.08888799596851393
0.15686007321421525
0.15203328081281875
0.2506584232176603
0.2339540126338966
0.15033867178646276
0.16229297044144608
0.08980534677202745
0.09166785371739539
0.043715598590566174
0.03772465200716979
0.0006780034376775435
-0.010582416972617859
-0.041768841617608965
-0.05756176425096715
-0.085069205640663
-0.10569656888412826
-0.12973173192078735
-0.15772914255891424
-0.18250226401887049
-0.20598432029148972
-0.24443243993723907
-0.2471599943016205
-0.29126779613939413
-0.2927396472544719
-0.3288237476688032
-0.32543416237578016
-0.35226674210737685
-0.34037979748774294
-0.35725601821491026
-0.32486907849369717
-0.3360934020366042
-0.21958376129356916
-0.28905767923584413
0.2857392311097774
0.7243605226086829
0.7261774401632304
0.2878898861050876
-0.28633497869984104
-0.21783632492741178
-0.33444847790664856
-0.32364003194830215
-0.35613836601629645
-0.3395209637180594
-0.35149346622350097
-0.32485477845223176
-0.3283087347229665
-0.2923842032020132
-0.2909601493135958
-0.24699004927391965
-0.24429279991788877
-0.20625121508175637
-0.1822769848726602
-0.1579277166239348
-0.12990089363557478
-0.1060194289402947
-0.0853854513081842
-0.058013386000272726
-0.04224935406055619
-0.011177450484560092
7.4287907625425476e-06
0.03695082547553541
0.04280548421725583
0.09064233917413445
0.08855141222287433
0.16083020998728048
0.14840973122544576
0.2319531609316301
-3.3754727065402683
0.12043653424438372
-0.1601704355197946
0.07770460158039594
-0.14649126371090748
0.041120908973452774
-0.13885365840802444
0.004976144462252474
-0.13977464221841585
-0.03043150428254693
-0.14920507976788855
-0.06618720460011529
-0.16668819637406673
-0.1040665896046864
-0.16918844334850291
-0.1626938148793895
-0.19888350805956034
-0.210232150842933
-0.21502887812896154
-0.2770685693424908
-0.26356000072099817
-0.3475914670717555
-0.30356919747192546
-0.4267937144905034
-0.32711842561559545
-0.5451376629168103
-0.31877686106411884
-0.7333583431125705
-0.21770910093412565
-0.9411558366266255
0.2455438681449782
-2.6664461513635667
-2.6614226698203893
0.24711540233884444
-0.9393174577881049
-0.21647938456640792
-0.7326324486939817
-0.3179233917766793
-0.5447793602298532
-0.3265337179372767
-0.4266010016492492
-0.3031858413536088
-0.3475464710836942
-0.2633360905458464
-0.27714638957623583
-0.21493132264151749
-0.21040978323984016
-0.1991185529970101
-0.16249476773151894
-0.16917719240382234
-0.1041640906982273
-0.16651845340225324
-0.06638604468778553
-0.14906760103286487
-0.03074638045695388
-0.139675082665631
0.0045246282196630405
-0.13881688711851203
0.0404946032446829
-0.14658866765061562
0.07682421589970856
-0.16061167478317162
0.11904519425254678
-3.372915621365552
-0.030492625010328567
0.008841778697224911
-0.015244651960202082
-0.010472736135230587
-0.01825722921944939
-0.019284689630332696
-0.018100695277199597
-0.024066841878435108
-0.01723265694457843
-0.028009241648419447
-0.021534901950095664
-0.03119642681793211
-0.028033864483365756
-0.029633004982278166
-0.031086834506677485
-0.07066293535490331
-0.028491850001354235
-0.059963578195425526
-0.03793965882432637
-0.054841059519168844
-0.046262694174521
-0.049889931638648966
-0.056876635374883966
-0.0501416206992662
-0.07386728040764612
-0.05988134464275019
-0.10723590939921146
-0.08633881107465013
-0.16001534793673122
-0.17464195754030842
-0.17515310848195664
-0.16010045902332237
-0.08646309744674041
-0.10729028298884535
-0.05988404517968293
-0.07388956774764588
-0.050098005530401446
-0.05688536446387893
-0.04982077544525643
-0.04626714388129982
-0.05474999352900878
-0.037945225700085405
-0.05987855482736837
-0.0285038428337121
-0.07055517352226492
-0.031235575232283264
-0.029628215153939985
-0.028091968277177415
-0.031192801398112202
-0.021573777879235978
-0.028004234347358326
-0.017218463966721664
-0.02406150209337965
-0.018075320240310777
-0.01927729249416199
-0.01821811266898621
-0.010465405260355665
-0.015188575870769272
0.0088347738571114
-0.0303462002126893
-0.029902390974958504
-0.07363296098375915
-0.011900314184430716
-0.022803907546603552
-0.012936847379278582
-0.020764936464865213
-0.017359601312307182
-0.02174204137188296
-0.021510193770474917
-0.024025281796390408
-0.02606624374566957
-0.02662621597948034
-0.028819948159153785
-0.024474510345034117
-0.005980176603735066
-0.0007936736371567665
-0.022032974602937072
-0.027972940103975885
-0.03459401469859835
-0.03613554017375997
-0.042417671295897685
-0.04393218846411284
-0.05283235425811528
-0.05577134619915047
-0.07004451436050707
-0.07592193475402542
-0.1004435278977458
-0.11005423346873133
-0.1480109159711258
-0.154012858171785
-0.15408418598102114
-0.1480673801881034
-0.11007647988075697
-0.10047101807887904
-0.075931716412583
-0.07005845958475554
-0.05577723241642696
-0.052840098035177974
-0.04393688459987821
-0.042422061497625174
-0.03614003334456939
-0.03459657703137742
-0.027978141894713815
-0.022038252110722523
-0.0008013434276163967
-0.005974698231982378
-0.024475565237404462
-0.028820101952548027
-0.026628704571116435
-0.0260675526261549
-0.024025051009890497
-0.02151165431924662
-0.021736270921894008
-0.017360602073233533
-0.02074787195786043
-0.012936062662664893
-0.02275662403344958
-0.011879260170207129
-0.07342215154112619
-0.029849560045497547
0.019984417290411116
0.20122863208515795
0.20149497052373155
0.14352616903851934
0.10588455983073852
0.10595955108567245
0.0810266877897241
0.04021781916641265
0.04021467217296126
0.03002046740593789
-0.009214599927610534
-0.009250496889239734
-0.014802643460425147
-0.04582598573964636
-0.062352001868392515
-0.05577546435966951
-0.06354285208694188
-0.0759324678278539
-0.08553188149032853
-0.08509043471579192
-0.09494085671761598
-0.11968875217548325
-0.12015648552185598
-0.1341073397303727
-0.14849542775810387
-0.19374775364314134
-0.16864519400309685
-0.15670193679235878
-0.2028002510226561
-0.18085779674033775
-0.24006142008376674
-0.20987800379350663
-0.22310725094114026
-0.22728177027958907
-0.28460292150483446
-0.24226959131543335
-0.26145995637274044
-0.2546419077904285
-0.3129527854141765
-0.3080608697072613
-0.24786829055120863
-0.32797247186315914
-0.3145262874172392
-0.24322211128424942
-0.3519526486532685
-0.30683588152223296
-0.2218400151054547
-0.25267405050052627
0.26788991067203916
-0.09877775195950056
0.552554260290607
0.3634792062206482
0.4774718711857122
0.48616523447012105
0.5167969411723867
0.5134584893686303
0.40635989696650887
-0.06648081391530569
0.5755300191718478
0.29858855981442867
-0.20083373820658412
-0.23701965264805325
-0.28602478200166526
-0.22980885409499763
-0.3274772402311188
-0.3006882576993868
-0.23914414607815226
-0.3127763184035981
-0.29946282891179155
-0.24855695835339442
-0.303454276608067
-0.2578872353278987
-0.2379516322788049
-0.22626285327784146
-0.28124006417139036
-0.2241756481613546
-0.21032414634315466
-0.18356745068459368
-0.2413010987675579
-0.2061994602609638
-0.16169698731441362
-0.1975288694033468
-0.17326530320600875
-0.14033610224792392
-0.15374839788742345
-0.1260956599166425
-0.10215046158505658
-0.12568577907893608
-0.09175028159799825
-0.09211534492508067
-0.07125525951302625
-0.08287981330939931
-0.06298666566582956
-0.06932832672157918
-0.024039192536908116
-0.05326594235236737
-0.017844366271936973
0.018690153693191935
-0.017810951138428566
0.02928997557317148
0.06659962442753797
0.029298149279663566
0.09136819818946174
0.12387779647633546
0.09131427789555802
0.17905897113893932
-0.030318757552275866
0.1788490859517603
0.14668631615346484
0.16007522665083773
0.12463970875210506
0.0874487464903736
0.06603551245844763
0.03579908385417607
0.018783338591135124
-0.009210377050903551
-0.02461163595665883
-0.05170760065125646
-0.06682719217273592
-0.09363747357506935
-0.10912397043341371
-0.13507921858834115
-0.15236955097424398
-0.1792965219618543
-0.1989261771794406
-0.23018199234222037
-0.24438748723193893
-0.26807076857057055
-0.2836119612981647
-0.30039185809349944
-0.31204028137549966
-0.3212178718892207
-0.3246564104566074
-0.3253209341087331
-0.31053599734964665
-0.3032692382368738
-0.21307323812765855
-0.23571547886446775
0.2703448532763466
0.6202200436579342
0.6297240916770075
0.28977821183360686
-0.20674510065087937
-0.19576418726415157
-0.285404678400456
-0.29832809510181857
-0.3135032176973922
-0.3164121180728561
-0.31364837175517635
-0.30686491120110726
-0.29613538893207814
-0.28084820745103434
-0.2664256706167005
-0.2434848568041783
-0.2304449004351341
-0.20218189243419626
-0.17956366749045394
-0.15529798268584494
-0.13746029790234937
-0.11280388613015657
-0.09683061826346706
-0.07123893853789665
-0.055830543277806344
-0.029874704956755815
-0.01450414188357585
0.01238476997314375
0.0289194753267612
0.05789006699136123
0.07821077840813961
0.11320195203364314
0.14623093856219427
0.12928249685033244
0.16839274422409767
0.15783264641270345
0.13228961536472827
0.0884872148271918
0.07237024882747867
0.0383074383179951
0.024383660761482018
-0.006172246117294389
-0.019651626356706364
-0.04886814374258486
-0.06287571963007976
-0.09169445857037362
-0.10695084295161661
-0.13471329280461286
-0.15312825574254596
-0.18419670902380814
-0.19899654808953726
-0.23488054919668633
-0.24642447861710592
-0.2754040566204272
-0.286554949758802
-0.30922140557554423
-0.3145830816541828
-0.3301681842268611
-0.32574185742639683
-0.33309275513450975
-0.3084916836956606
-0.3087397761931159
-0.2060042526797965
-0.23955451720548515
0.25692334001323136
0.6523045766370349
0.6568859186302483
0.26846571107171957
-0.2229097355385008
-0.19587875266934085
-0.29837890932286193
-0.30124533769355244
-0.3260851712042536
-0.3207134477329483
-0.3254828219952357
-0.311284136553198
-0.3063357480344271
-0.2846361742628538
-0.27396252919212616
-0.24560719001024478
-0.23456421444425102
-0.20073135228007466
-0.1836830356364454
-0.15459523992941837
-0.13600668420010376
-0.10904308691241305
-0.09365208147387971
-0.06557934234949503
-0.05156812793955434
-0.023021427242838177
-0.009760029808232096
0.020177140328340837
0.033582753081143
0.06693450629342956
0.08213287585389639
0.12459222329552788
0.14837021422839258
0.15684855899295636
0.07995015385844784
0.1583345350833838
0.06732927871284278
0.09355022625476128
0.05472585878036951
0.04606987062162282
0.0265813399467274
0.003036423602063798
-0.010568124051530958
-0.039337190690935
-0.052392838430639355
-0.08303621616474821
-0.09724714700640069
-0.1279926110176428
-0.14617862166542506
-0.1883209302536213
-0.19357710479862855
-0.23928299604799963
-0.24985060596196007
-0.28085194778399547
-0.2958615430374678
-0.3123185082305844
-0.32742787979575705
-0.3293086733122803
-0.33723804678517033
-0.33231152443502476
-0.31448470604121237
-0.3240819178312473
-0.2057950600630023
-0.3114644619358333
0.26297115154485395
0.3514892542936612
0.36408220583190276
0.2703880261155538
-0.3026235444067742
-0.1992577054090625
-0.3184476241536949
-0.3097624297705168
-0.3284961644661373
-0.3339089324822013
-0.3264774457196107
-0.32519608278698264
-0.31040673453412015
-0.29452476688700124
-0.279751590764304
-0.24923994525529425
-0.2388423691848558
-0.1945372886228245
-0.18784189545107766
-0.14679690439476745
-0.1287939259507298
-0.09818797201014218
-0.08431621601261807
-0.0535442444644294
-0.04114233543506973
-0.011809455802066715
0.0006141491944472444
0.025368128201086804
0.04286284604078405
0.053592737169278815
0.0892199620838825
0.06614603252284446
0.15185991511986052
0.07730292711555109
0.1822348139295522
0.03295226206213164
0.15144693275639554
0.018447434395315265
0.08811878935700779
0.0008863462627621832
0.03857407673125579
-0.02452675005718108
-0.00652706030532868
-0.057783333497411604
-0.05119665825436859
-0.09703570151404417
-0.09788571447359451
-0.14045576137896298
-0.14939445040576116
-0.19476666529777864
-0.18824501519902181
-0.23673256820811694
-0.23337573676778645
-0.286769781926695
-0.26530039610672373
-0.3294666931866481
-0.2698097219497415
-0.35921188999582276
-0.2278610104225085
-0.3703439546585927
-0.11291866282146712
-0.352739197632413
-0.38788116659425986
-0.28919475312058585
0.0870804679335836
0.7381462932779859
0.7411288381494474
0.0953161714058729
-0.28168604209794257
-0.38187905371071773
-0.3481809915931373
-0.11126275034198074
-0.36727281342669094
-0.22653551756806456
-0.35713074450078386
-0.2688825236897199
-0.32813233326629954
-0.26478952738955797
-0.2860287441851752
-0.23326834826907672
-0.23647023890857977
-0.18874688798046413
-0.19462928522955902
-0.1499511826463833
-0.14132640147920927
-0.09876033856782107
-0.09827414224571562
-0.05239428057691953
-0.05941525899236466
-0.0080818061659369
-0.0265213984147743
0.03657351103201434
-0.0013114569004375465
0.08547745669482065
0.016396333254024897
0.14765740099568148
0.031659974089011333
0.17632682018501322
0.23938825087063687
0.15725771748216755
0.15609101935220449
0.09140791945945803
0.08864076574741164
0.042663252126769025
0.03607298284594107
-0.001760511858183822
-0.011471036504408394
-0.045171887449314996
-0.05793436135469254
-0.08939972967496468
-0.10561314115914189
-0.13504282528134803
-0.15712581950971538
-0.18642985229083808
-0.20526196485872572
-0.24370062800112602
-0.2532842400237587
-0.2903582085226435
-0.29896512501927175
-0.32849141097461265
-0.33151809035447144
-0.35279137453503195
-0.34610824365098036
-0.35858301940961956
-0.33062718665625423
-0.33733014421040597
-0.2264238456503156
-0.27755778033598055
0.2976498076784253
0.6823635097147536
0.6862224771361588
0.3016505131633397
-0.2723489002597317
-0.22312339831699313
-0.33415526678469387
-0.3283003388183938
-0.35641639618328513
-0.3444764448278983
-0.3512957777862018
-0.33040997182438825
-0.3274963714462136
-0.29827858869449475
-0.2897754926798799
-0.2529294512401743
-0.24345290599880087
-0.20561953737137362
-0.18617644088162155
-0.157493943252077
-0.13539892926719377
-0.10622609496236946
-0.09002227539681074
-0.05879839166441503
-0.0460918711550371
-0.012611818032238986
-0.0030302165022977334
0.03459242014168862
0.04095158986831415
0.08668115939172127
0.08906370321879997
0.15328422686987997
0.15368715027143154
0.23526706473881664
0.2535575467927291
0.15466077610462936
0.15889385784386933
0.09060835980899273
0.08989307173457595
0.042749218423905
0.03654871792434378
-0.0012607632607761765
-0.011513265903042136
-0.04443100391175925
-0.058387803513721304
-0.08840507611677206
-0.10640145553692304
-0.13366177207210694
-0.15821979834914113
-0.18549211458667259
-0.20687333654702034
-0.24481716217220928
-0.2514232433964909
-0.2911834999772689
-0.2968838787820951
-0.3286668817404308
-0.3292769970716414
-0.352188438624472
-0.3438716360087839
-0.357214091114344
-0.3282927196576757
-0.3355677077610524
-0.22365281509580703
-0.2806117046176444
0.29254358064867525
0.7012934845811074
0.7039612594640932
0.2954670925345838
-0.27685788725700156
-0.22125671835662164
-0.33328789589410146
-0.3266034781141862
-0.3556587380513605
-0.3426870463321203
-0.35111009909987123
-0.3284726561957483
-0.3279487831399961
-0.2963828986469419
-0.29075681166027545
-0.2511725230527988
-0.24462883252736867
-0.20717576523783432
-0.18524511826179024
-0.1584861896160772
-0.13391017148248974
-0.10684658529143687
-0.08885303549390322
-0.05901197885918452
-0.04510058416975493
-0.012340068671546023
-0.0021898953890202577
0.03547295921672
0.041494151793735945
0.08847420911803905
0.08888799596858621
0.15686007321415496
0.15203328081265133
0.2506584232178518
0.233954012633383
0.15033867178646754
0.16229297044150948
0.08980534677206731
0.09166785371728825
0.043715598590481464
0.03772465200716335
0.0006780034376939748
-0.010582416972596542
-0.04176884161762073
-0.057561764250986025
-0.08506920564063236
-0.1056965688840994
-0.12973173192079912
-0.15772914255890935
-0.18250226401887382
-0.2059843202915146
-0.24443243993726083
-0.2471599943016045
-0.29126779613935483
-0.29273964725449364
-0.3288237476688256
-0.3254341623757655
-0.35226674210732667
-0.3403797974877325
-0.3572560182149396
-0.32486907849367475
-0.33609340203662774
-0.21958376129371238
-0.2890576792359465
0.28573923110958765
0.7243605226088231
0.7261774401630227
0.28788988610534294
-0.28633497869966695
-0.21783632492750593
-0.3344484779067076
-0.3236400319482824
-0.3561383660162618
-0.3395209637180352
-0.35149346622348565
-0.324854778452216
-0.32830873472300737
-0.2923842032020194
-0.2909601493135756
-0.2469900492739623
-0.24429279991789632
-0.20625121508174904
-0.18227698487266264
-0.15792771662392968
-0.129900893635571
-0.10601942894029848
-0.08538545130818975
-0.058013386000279166
-0.04224935406056085
-0.011177450484588736
7.428790746999425e-06
0.03695082547556805
0.04280548421733188
0.09064233917424347
0.08855141222287943
0.16083020998723696
0.14840973122550127
0.23195316093219032
-3.3754727065381855
0.12043653424436396
-0.16017043551947951
0.07770460158048298
-0.14649126371077292
0.0411209089735719
-0.13885365840798514
0.004976144462266685
-0.13977464221846803
-0.03043150428256225
-0.14920507976783304
-0.06618720460008465
-0.16668819637403565
-0.10406658960468973
-0.1691884433485087
-0.1626938148793886
-0.19888350805956034
-0.21023215084294877
-0.21502887812895466
-0.27706856934250235
-0.2635600007209866
-0.34759146707173283
-0.303569197471923
-0.4267937144905176
-0.32711842561554216
-0.5451376629167595
-0.31877686106410863
-0.7333583431125326
-0.21770910093409324
-0.9411558366266268
0.24554386814483253
-2.666446151362625
-2.6614226698198125
0.24711540233883478
-0.9393174577881496
-0.21647938456647542
-0.7326324486938474
-0.3179233917766231
-0.5447793602298814
-0.3265337179372967
-0.42660100164923165
-0.3031858413535997
-0.3475464710836973
-0.26333609054584306
-0.2771463895762343
-0.21493132264152104
-0.2104097832398666
-0.19911855299700965
-0.1624947677315014
-0.16917719240382278
-0.10416409069824084
-0.16651845340228344
-0.06638604468781528
-0.14906760103287597
-0.030746380456956324
-0.13967508266562723
0.004524628219655491
-0.13881688711855666
0.04049460324461018
-0.1465886676507273
0.07682421589964272
-0.16061167478316318
0.11904519425254656
-3.372915621367307
-0.030492625010370977
0.008841778697130431
-0.015244651960270472
-0.010472736135225702
-0.018257229219504456
-0.019284689630360008
-0.018100695277207146
-0.02406684187842245
-0.01723265694457754
-0.028009241648426997
-0.021534901950087004
-0.031196426817930334
-0.028033864483361315
-0.029633004982274613
-0.03108683450659533
-0.070662935354884
-0.028491850001349128
-0.05996357819545706
-0.03793965882433126
-0.054841059519180835
-0.046262694174521446
-0.049889931638621654
-0.05687663537489307
-0.05014162069933459
-0.07386728040764967
-0.05988134464274508
-0.10723590939925076
-0.08633881107465435
-0.1600153479367048
-0.17464195754021805
-0.17515310848176835
-0.1601004590232693
-0.08646309744667935
-0.10729028298883736
-0.059884045179741996
-0.0738895677476945
-0.050098005530392786
-0.05688536446390313
-0.04982077544530039
-0.04626714388129072
-0.05474999352901522
-0.03794522570007186
-0.05987855482733728
-0.028503842833741855
-0.0705551735223835
-0.03123557523230791
-0.029628215153926885
-0.028091968277167645
-0.031192801398123526
-0.021573777879219325
-0.02800423434736632
-0.017218463966754305
-0.024061502093385645
-0.01807532024029279
-0.019277292494148668
-0.01821811266901996
-0.01046540526046602
-0.01518857587084943
0.008834773857056777
-0.03034620021283896
-0.02990239097498182
-0.0736329609838351
-0.011900314184465577
-0.02280390754657491
-0.012936847379309446
-0.020764936464898298
-0.017359601312289863
-0.021742041371906273
-0.02151019377047736
-0.02402528179638197
-0.026066243745672235
-0.026626215979472345
-0.02881994815915223
-0.024474510345033673
-0.0059801766037341775
-0.0007936736371572106
-0.022032974602936184
-0.027972940103974553
-0.03459401469859569
-0.036135540173759084
-0.042417671295935655
-0.043932188464120614
-0.052832354258131486
-0.05577134619919155
-0.07004451436051484
-0.07592193475402964
-0.10044352789780264
-0.11005423346877818
-0.148010915971182
-0.15401285817185562
-0.1540841859810098
-0.14806738018806387
-0.11007647988077385
-0.1004710180789321
-0.07593171641257701
-0.07005845958476753
-0.055777232416437394
-0.05284009803516421
-0.043936884599899084
-0.04242206149762073
-0.03614003334457072
-0.03459657703138741
-0.027978141894720254
-0.022038252110728296
-0.0008013434276226139
-0.005974698231986375
-0.024475565237399577
-0.028820101952533594
-0.02662870457110289
-0.02606755262616489
-0.024025051009882503
-0.02151165431920754
-0.02173627092193886
-0.01736060207326484
-0.020747871957820463
-0.012936062662708636
-0.022756624033441808
-0.011879260170162498
-0.0734221515409954
-0.02984956004552508
0.5491978864995756
0.19724410744085108
0.5622211751670381
0.4050681703909659
0.5306052082585857
0.2546204201899883
0.3150517624094491
0.2575919350661525
0.11727454976979912
0.17879639608976317
0.11823948757832736
0.0020898534304671923
-0.029266775548984603
-0.010460915452890962
-0.09920552891994672
-0.10301288147230636
-0.012384440217823034
-0.06871404984826746
-0.022041432486434642
-0.06233552531697728
-0.08970751044535108
-0.06646796500565011
-0.17110346756999362
-0.1755675728403705
-0.1755675728403281
-0.17110346756995365
-0.08970751044530179
-0.06646796500578178
-0.062335525317050555
-0.012384440217775294
-0.022041432486364254
-0.06871404984832807
-0.1030128814723652
-0.09920552891964585
-0.029266775549112944
-0.010460915452716879
0.0020898534305883176
0.17879639608970077
0.118239487578363
0.1172745497698302
0.31505176240931043
0.2575919350660023
0.2546204201898421
0.4050681703913487
0.5306052082572246
0.5622211751651761
0.549197886499351
0.19724410744858034
0.5767386002817254
0.15807949991239767
0.255487740913524
0.11376698409330632
0.1663713006587283
0.07428514332581382
0.09856363172841898
0.030637375007344647
0.038193711354034265
-0.017572618549561048
-0.015475973338211713
-0.07232043442488734
-0.0708634422572616
-0.14359526403753953
-0.1625099490386399
-0.2540831808778514
-0.23623237164922228
-0.268693766451217
-0.272030249345248
-0.27960703143011134
-0.3082921649661814
-0.2867045462728235
-0.29178895671491656
-0.3013466302067971
-0.3632522453628151
-0.3683473532004815
-0.37717631224528203
-0.4814210946404338
-0.4579512616661614
-0.4240388326123854
-0.4249793471783714
-0.5160293515307668
-0.5221086849206842
-0.3953973111794209
-0.4053767722469801
-0.4510342888885954
-0.46856661486751494
-0.32707086200666446
-0.42342076654365024
-0.4429668888466449
-0.19597713173831566
-0.49844291503676175
0.27666774212889444
0.5449531969144427
-0.47603488565579566
-0.47603488565683705
0.5449531969143635
0.2766677421288478
-0.19597713173831033
-0.4984429150366878
-0.4429668888467351
-0.3270708620065361
-0.42342076654373817
-0.4685666148675638
-0.39539731117931654
-0.4510342888887773
-0.40537677224756496
-0.5221086849206793
-0.4249793471784147
-0.5160293515307548
-0.42403883261247177
-0.4579512616661001
-0.3771763122452845
-0.48142109464026506
-0.3683473532005075
-0.3013466302067638
-0.3632522453628406
-0.2917889567150669
-0.2796070314301158
-0.28670454627294295
-0.3082921649647874
-0.27203024934526643
-0.25408318087782766
-0.2686937664512532
-0.23623237164923472
-0.16250994903858196
-0.1435952640375182
-0.07086344225725649
-0.07232043442485891
-0.015475973338230364
-0.017572618549518415
0.03819371135404204
0.030637375007214862
0.0985636317284061
0.07428514332592973
0.1663713006588261
0.11376698409336972
0.25548774091385296
0.15807949991236514
0.5767386002806545
0.4561041487777949
0.15102935344921964
0.2130673634210699
0.10333088941692892
0.13196493921719676
0.06352375493505713
0.0711360007306977
0.021515726678065228
0.016952989040037614
-0.0245667224443602
-0.03638886512641193
-0.0760556140940114
-0.09253132245517937
-0.13457318646141836
-0.156015546162382
-0.20909848335694692
-0.2031602216893469
-0.24652255838163062
-0.26931939748312783
-0.3068256402385807
-0.32589193009838446
-0.35842675390572176
-0.3672332796110669
-0.39354639925384904
-0.3882299002773135
-0.40557514586272436
-0.3770283469342013
-0.38690888621906816
-0.268704870739219
-0.3764082580143211
0.6386547430295493
0.3881930337124909
0.38819303371238245
0.6386547430293479
-0.3764082580145951
-0.2687048707392039
-0.3869088862190049
-0.37702834693429566
-0.40557514586275767
-0.3882299002772811
-0.3935463992538413
-0.36723327961104135
-0.35842675390572953
-0.3258919300983998
-0.30682564023853054
-0.2693193974831338
-0.24652255838166925
-0.20316022168932935
-0.20909848335692782
-0.15601554616238333
-0.1345731864614237
-0.09253132245516094
-0.07605561409398653
-0.036388865126398384
-0.024566722444337996
0.016952989040118216
0.021515726678100422
0.07113600073057591
0.06352375493502838
0.1319649392172605
0.10333088941697177
0.21306736342114785
0.15102935344875557
0.4561041487765062
-1.1099927050031972
0.1466324405700311
0.04020488454474658
0.0930829020131213
0.018071284554431744
0.04937824320728257
0.002224091990893462
0.0058866402990970235
-0.025784559854692413
-0.03901158484665923
-0.06427153834764177
-0.08663008221686375
-0.11008267049034948
-0.13862499096607928
-0.16366863357108796
-0.1925697492414733
-0.20733784986936898
-0.24020907981486106
-0.25834539229702447
-0.2894133453957972
-0.3031936491438316
-0.32467478851680176
-0.3326583160971688
-0.34019784662841523
-0.344147659727291
-0.33407714950593803
-0.32862818487836476
-0.30692523959286033
-0.22689274007494986
-0.19514757817703177
0.6936023240368152
0.5733504109549408
0.5733504109549077
0.6936023240369
-0.19514757817700845
-0.226892740074903
-0.3069252395929365
-0.3286281848783934
-0.3340771495058945
-0.34414765972726524
-0.340197846628405
-0.3326583160971477
-0.32467478851680487
-0.3031936491438185
-0.28941334539579366
-0.25834539229703823
-0.24020907981485862
-0.20733784986934012
-0.19256974924145243
-0.16366863357110462
-0.13862499096610348
-0.11008267049035836
-0.08663008221683999
-0.06427153834768018
-0.03901158484663525
-0.025784559854595157
0.005886640299109569
0.0022240919908459444
0.04937824320722772
0.018071284554457723
0.09308290201302549
0.04020488454479598
0.1466324405704027
-1.1099927050032332
0.41039894469365445
0.1444583021367125
0.1882255941524723
0.1514697510596018
0.10635802724039622
0.10271532060349675
0.04509175468606885
0.042749477836608984
-0.007944738224894499
-0.014516522035741941
-0.05790680984767249
-0.0686947690444486
-0.10761732418272674
-0.12183882482038966
-0.1601516335227653
-0.18056937733142342
-0.21155311597867876
-0.24145348144959855
-0.24844918947176464
-0.28657748144125605
-0.29030240399395035
-0.31963399374558965
-0.3140325134130231
-0.336899619934643
-0.31150923525095253
-0.3350117773551031
-0.32554452173951587
-0.30517887794201415
-0.2157181690661465
-0.2139325102742422
0.3102775527084246
0.5323254777793482
0.5323254777792857
0.3102775527084799
-0.21393251027445115
-0.21571816906634034
-0.30517887794187604
-0.3255445217394186
-0.3350117773551653
-0.31150923525096785
-0.3368996199345644
-0.31403251341301486
-0.31963399374557366
-0.290302403993973
-0.2865774814412334
-0.24844918947175332
-0.24145348144963874
-0.2115531159786861
-0.18056937733142098
-0.1601516335227935
-0.12183882482039099
-0.10761732418269032
-0.06869476904444727
-0.05790680984765184
-0.014516522035761037
-0.007944738224931136
0.042749477836625305
0.04509175468600557
0.10271532060355504
0.10635802724037757
0.15146975105964777
0.1882255941526777
0.14445830213653488
0.41039894469303784
0.3636102111688181
0.15149007062791675
0.18507108516710136
0.09645140625620108
0.10790111284209114
0.053093345261345126
0.050077271067997864
0.010931337927470697
-0.0007219610971647139
-0.032091160310654177
-0.04939482971854603
-0.07728174058975079
-0.09846215845386208
-0.12544381206738286
-0.1509314902399015
-0.17715302758310036
-0.20130719568506739
-0.23222117364495176
-0.24354483140866212
-0.27917114773019436
-0.2878321436634559
-0.31571764154804827
-0.3175408037573628
-0.33808880518392925
-0.3278556589015389
-0.3419653109171741
-0.3067732248245376
-0.31723863452930745
-0.19725455972780592
-0.23136632570046278
0.2998684397953689
0.5648039890576051
0.5648039890574235
0.29986843979537714
-0.23136632570038396
-0.19725455972784234
-0.31723863452938805
-0.30677322482446856
-0.34196531091715676
-0.327855658901558
-0.33808880518387485
-0.31754080375737703
-0.3157176415480625
-0.28783214366343723
-0.27917114773022544
-0.2435448314087032
-0.23222117364496664
-0.2013071956850816
-0.17715302758308304
-0.15093149023991392
-0.1254438120673833
-0.09846215845386208
-0.07728174058977433
-0.04939482971853959
-0.032091160310610434
-0.0007219610971098689
0.010931337927512885
0.05007727106800197
0.05309334526129883
0.10790111284190895
0.09645140625609727
0.18507108516714887
0.15149007062764286
0.3636102111677755
0.3455073656396134
0.14931838069621206
0.183756540339872
0.09571792554164582
0.1075817098759938
0.05311614580107915
0.05073940476964478
0.011737177684942979
0.0008842105976422099
-0.030342733041797354
-0.04690224680964605
-0.07438321171357143
-0.09525692894507509
-0.12127736306198633
-0.1474173219965922
-0.1708222550882994
-0.19745685541041724
-0.22793640620801692
-0.23865483401311205
-0.2750552358462055
-0.28310610570772
-0.3120767501967783
-0.31299745052729966
-0.33510342192649967
-0.3238328561600843
-0.3396010687654478
-0.3033786655410091
-0.31558365767769336
-0.19432644411250521
-0.23439514293917085
0.29661365850247434
0.5857132230074105
0.5857132230075489
0.2966136585026753
-0.23439514293931785
-0.19432644411261046
-0.3155836576776332
-0.3033786655410171
-0.3396010687654494
-0.3238328561600041
-0.33510342192651965
-0.3129974505273163
-0.3120767501967441
-0.2831061057077471
-0.27505523584620306
-0.23865483401311938
-0.22793640620800848
-0.19745685541040459
-0.17082225508833404
-0.1474173219965993
-0.12127736306198256
-0.09525692894510596
-0.07438321171354789
-0.04690224680960964
-0.03034273304182533
0.0008842105975712666
0.011737177684896793
0.05073940476965155
0.05311614580111701
0.10758170987609939
0.09571792554174874
0.18375654033994027
0.1493183806965197
0.3455073656406439
0.30607258459856546
0.14341441521960663
0.18439956270474644
0.09410901483944878
0.10754136678233095
0.05354941459565654
0.05091279855086128
0.013564647360569504
0.0016332806658393428
-0.027156004146164925
-0.045526761608305044
-0.06982285988175385
-0.09331627237746098
-0.1154733457159427
-0.14533176265151537
-0.1644787604684359
-0.19539277931720567
-0.22499214654712585
-0.2331207283447092
-0.2723900752207016
-0.27800015891985175
-0.3097658539692343
-0.30832086926589186
-0.3331857591091971
-0.319922323785762
-0.3380009946711031
-0.3003517461690106
-0.31477300636170513
-0.1917247322300435
-0.24078369803070654
0.29106428821620756
0.562776257253373
0.5627762572533155
0.29106428821617014
-0.24078369803056887
-0.19172473222977682
-0.31477300636176375
-0.3003517461692229
-0.3380009946711755
-0.3199223237856885
-0.33318575910923975
-0.3083208692659416
-0.3097658539691861
-0.2780001589198222
-0.2723900752207211
-0.23312072834472497
-0.22499214654713562
-0.19539277931723031
-0.1644787604684157
-0.14533176265144987
-0.1154733457158541
-0.09331627237746698
-0.06982285988177361
-0.04552676160823421
-0.02715600414615249
0.0016332806658628796
0.01356464736063634
0.05091279855086239
0.053549414595546185
0.10754136678229675
0.0941090148392757
0.18439956270430913
0.14341441521934095
0.306072584598833
-2.825327282603806
0.10598206670509192
-0.0860871717367151
0.07648892470132318
-0.08894723544460259
0.047045609990264636
-0.09453419834551569
0.01610629026499133
-0.10521364525614696
-0.014851718974234318
-0.05821736392148802
-0.04712834759206341
-0.10222765705361514
-0.08365499148342836
-0.15101085789983593
-0.13589575088363604
-0.18581259066618272
-0.1865404918931437
-0.19262986866166143
-0.24982514947583212
-0.24290750764228308
-0.3142468443985842
-0.2868010852996925
-0.3831303180861456
-0.3149429338057681
-0.47946496204574496
-0.30758093576653844
-0.7161229069468089
-0.2036866084218516
-1.8255589792108475
0.253344874719739
-6.301592133351898
-6.301592133350465
0.2533448747197261
-1.8255589792103444
-0.2036866084217881
-0.7161229069468664
-0.30758093576647694
-0.4794649620456306
-0.31494293380585714
-0.3831303180861536
-0.2868010852996552
-0.31424684439855355
-0.24290750764225333
-0.24982514947582568
-0.19262986866166432
-0.1865404918931577
-0.18581259066622713
-0.13589575088364425
-0.15101085789983326
-0.08365499148343747
-0.10222765705366998
-0.04712834759209206
-0.05821736392142318
-0.014851718974206563
-0.1052136452562884
0.016106290264929157
-0.09453419834550592
0.04704560999034979
-0.08894723544438765
0.0764889247013012
-0.08608717173755553
0.10598206670485966
-2.8253272826040448
0.011908779948081816
0.04356266640753348
0.007515583845407514
0.011237322223294766
-0.0032501021057298463
-0.003961372392917495
-0.01737092621042602
-0.013318750127170542
-0.013200910908777841
-0.021412291082808954
-0.017872308319418995
-0.028586882979403816
-0.025091407954468625
-0.032175058215494046
-0.011667870551135495
-0.06188922960449572
-0.03490683912680015
-0.06438019758956526
-0.04665924346227457
-0.06469190878554243
-0.05817269241382372
-0.0648180717165896
-0.07348433965888557
-0.07117147674263613
-0.09940026151157833
-0.09151261004085831
-0.15158808771335308
-0.14046752366624826
-0.26150914257468605
-0.32592147343275446
-0.3259214734330178
-0.2615091425745484
-0.1404675236664661
-0.15158808771351007
-0.09151261004079747
-0.09940026151158765
-0.07117147674253776
-0.07348433965882206
-0.06481807171681186
-0.05817269241379175
-0.0646919087853568
-0.04665924346227279
-0.06438019758950109
-0.03490683912686299
-0.06188922960468335
-0.011667870551303805
-0.0321750582154503
-0.02509140795450815
-0.028586882979418693
-0.017872308319342833
-0.021412291082813395
-0.013200910908824026
-0.013318750127153223
-0.01737092621012426
-0.0039613723929055045
-0.0032501021058246593
0.011237322223236035
0.007515583845362106
0.04356266640748796
0.011908779947895076
0.012319149832422882
-0.015377006239099433
0.010052846287943451
-0.0007943458313266483
0.0027161061204332704
-0.006289534050796464
-0.006380050906948265
-0.01187938727058846
-0.01466928909129872
-0.018304726471252364
-0.02296439381608706
-0.024883941261808706
-0.029746641040485855
-0.028436650004101338
-0.017672594039719103
-0.01061408810743103
-0.027518540442095007
-0.034895075207074466
-0.04388203062347307
-0.04677295174481988
-0.05500730920886454
-0.05805470028976378
-0.07004393947223586
-0.07509689044674417
-0.09605684385509328
-0.10558856719863763
-0.14713839654187355
-0.16665783021339853
-0.2636945341909145
-0.27960540436667447
-0.2796054043662193
-0.2636945341906749
-0.16665783021326463
-0.147138396541872
-0.10558856719877818
-0.09605684385509505
-0.07509689044686052
-0.07004393947232046
-0.0580547002897045
-0.055007309208848554
-0.046772951744753044
-0.043882030623495716
-0.034895075207121096
-0.027518540442097228
-0.010614088107462782
-0.017672594039753076
-0.028436650004085573
-0.029746641040453436
-0.02488394126177984
-0.02296439381608706
-0.01830472647123349
-0.014669289091296056
-0.01187938727068416
-0.006380050907030643
-0.006289534050789802
0.002716106120511097
-0.0007943458312684726
0.01005284628814318
-0.015377006239529534
0.012319149831889531
